===== RESULTS FOR dim=6, deg=2, nonzero=3, Bertini v1.6 =====

===== TEST 1 =====
0                                                



===== TEST 2 =====
12                                               

1.065634585729106e-01 -1.387778780781446e-17
-6.140715343641463e-01 1.665334536937735e-16
-3.917632400475717e-01 1.110223024625157e-16
-3.168191258295784e-01 5.551115123125783e-17
9.161720220188177e-02 -1.387778780781446e-17
2.837022126646062e-01 0.000000000000000e+00

-1.091824656886606e-01 -6.938893903907228e-18
6.297056817483041e-01 -1.110223024625157e-16
4.468315272585193e-01 5.551115123125783e-17
3.144615815427010e-01 -2.775557561562891e-17
-7.481242193941727e-02 6.938893903907228e-18
2.876667270881226e-01 -2.775557561562891e-17

1.931955074947781e-01 -5.551115123125783e-17
-5.347071642874851e-01 0.000000000000000e+00
-8.661127128707868e-02 2.775557561562891e-17
-2.397563538962732e-01 -4.163336342344337e-17
2.895745334837494e-01 0.000000000000000e+00
6.988815786480616e-01 1.110223024625157e-16

1.423229742634834e-01 0.000000000000000e+00
5.566931682023746e-02 -6.938893903907228e-18
-2.887569077792675e-02 6.938893903907228e-18
5.488856791528933e-01 0.000000000000000e+00
-3.494537402896250e-02 -1.734723475976807e-18
5.004938754637254e-01 5.551115123125783e-17

-1.197189238655850e-02 1.431146867680866e-16
-8.808259289120915e-02 1.387778780781446e-17
3.258497645625044e-01 3.747002708109903e-16
-4.253600928680364e-01 1.387778780781446e-16
9.590285767505539e-03 2.168404344971009e-17
5.096696086085558e-01 2.775557561562891e-16

-6.809506138210901e-04 1.636061078280626e-16
6.174225055554475e-02 2.081668171172169e-17
-3.662275527296018e-01 1.942890293094024e-16
4.136019046603693e-01 5.551115123125783e-17
-2.640321899858343e-02 4.336808689942018e-17
5.566297932116528e-01 -4.440892098500626e-16

4.394109581764524e-01 -2.775557561562891e-17
-5.728863465949759e-02 6.938893903907228e-18
5.846882971718147e-01 5.551115123125783e-17
8.460863590491866e-01 5.551115123125783e-17
-9.729616594778208e-01 0.000000000000000e+00
9.368035552009010e-01 -1.110223024625157e-16

-1.323417788886374e-01 2.775557561562891e-17
-5.685957477019145e-01 1.110223024625157e-16
2.286466111646230e-01 -1.387778780781446e-17
2.936902196363411e-01 5.551115123125783e-17
1.640782642103951e-01 6.938893903907228e-17
8.636661688943688e-01 2.775557561562891e-16

3.331172571128277e-01 5.551115123125783e-17
4.350268245896151e-01 -5.551115123125783e-17
4.545167310373934e-01 2.775557561562891e-17
-1.192004482811416e-01 -1.387778780781446e-17
-1.532503403171763e-01 0.000000000000000e+00
1.240228709582111e-01 3.469446951953614e-17

-2.604398729383013e-01 -6.938893903907228e-18
-4.203275623340225e-01 0.000000000000000e+00
-4.328318712304477e-01 -1.387778780781446e-17
1.812284675495153e-01 1.040834085586084e-17
3.909135487781656e-02 -1.734723475976807e-18
3.807537727695825e-01 -6.938893903907228e-18

-2.860965147059145e-01 5.551115123125783e-17
4.032799540156492e-01 0.000000000000000e+00
-5.535490528333022e-01 -5.551115123125783e-17
1.591876698268379e-01 -5.551115123125783e-17
-1.155517282950195e-01 -6.938893903907228e-18
9.808271169647904e-01 5.551115123125783e-17

-1.233529897214078e-01 -1.942890293094024e-16
-6.369842424419647e-02 7.285838599102590e-17
6.972892160301314e-02 -3.330669073875470e-16
-5.306393887800683e-01 -2.775557561562891e-16
2.782475849741064e-03 -4.792173602385930e-17
4.894855382207445e-01 -2.498001805406602e-16



===== TEST 3 =====
0                                                



===== TEST 4 =====
0                                                



===== TEST 5 =====
1                                                

-1.258827676768503e-01 -1.734723475976807e-18
-4.517553869482527e-01 2.775557561562891e-17
5.638894146443904e-01 4.163336342344337e-17
-4.181024598374021e-01 -5.551115123125783e-17
2.286588244885097e-01 -3.469446951953614e-18
1.922753361331669e-01 -3.469446951953614e-18



===== TEST 6 =====
2                                                

-3.759296809327022e-01 2.775557561562891e-17
-8.061286104461779e-01 2.775557561562891e-17
-3.712830453837441e-01 0.000000000000000e+00
7.166059780624208e-02 2.255140518769849e-17
1.462853648494896e-01 6.938893903907228e-18
-2.877763209821373e-02 -6.071532165918825e-18

3.078783150084669e-01 -2.775557561562891e-17
8.292382979859576e-01 1.110223024625157e-16
3.714006348413282e-01 2.775557561562891e-17
6.545444416965775e-02 0.000000000000000e+00
1.962910492550769e-01 -2.775557561562891e-17
1.058691020035233e-01 0.000000000000000e+00



===== TEST 7 =====
0                                                



===== TEST 8 =====
1                                                

-1.211980349629178e-01 -1.734723475976807e-18
8.583478733072279e-01 6.245004513516506e-17
-5.041198595201125e-02 0.000000000000000e+00
6.855214281596818e-02 4.336808689942018e-19
1.726770955515142e-02 5.421010862427522e-19
-4.204151289435516e-01 -1.040834085586084e-17



===== TEST 9 =====
0                                                



===== TEST 10 =====
1                                                

3.335428261475186e-01 -6.938893903907228e-18
-2.430923362486669e-01 -3.469446951953614e-18
-1.791601207289825e-01 -6.938893903907228e-18
3.895645878436663e-01 3.469446951953614e-17
6.754021832795609e-02 8.673617379884035e-19
-8.752278498783966e-02 -2.602085213965211e-18



===== TEST 11 =====
2                                                

2.188978103608827e-01 4.163336342344337e-17
-5.481216113901042e-01 -8.326672684688674e-17
2.992212382738083e-01 -7.216449660063518e-16
4.287728944265191e-02 1.734723475976807e-18
-2.147856571754070e-01 4.857225732735060e-16
1.893561088149474e-02 -1.734723475976807e-18

2.188266716916866e-01 -1.387778780781446e-17
-5.155791101412593e-01 -2.775557561562891e-17
-6.083087187735966e-01 -5.551115123125783e-17
2.229221249711569e-02 -8.673617379884035e-19
-5.899128727523532e-01 -5.551115123125783e-17
1.316340347965913e-02 -2.602085213965211e-18



===== TEST 12 =====
0                                                



===== TEST 13 =====
0                                                



===== TEST 14 =====
0                                                



===== TEST 15 =====
2                                                

6.267700684305002e-01 -8.326672684688674e-17
1.241116747995433e-01 -5.551115123125783e-17
1.128118505209919e-01 -6.938893903907228e-18
6.566347318749802e-02 3.469446951953614e-18
-1.930596340958089e-01 -6.938893903907228e-17
-4.340326230298628e-02 1.734723475976807e-18

-9.105746274379599e-02 3.469446951953614e-18
-2.175713698485752e-01 -1.387778780781446e-17
-1.399030147004342e-01 -6.938893903907228e-18
-1.289497136211388e-01 -2.775557561562891e-17
5.439364292747770e-01 -2.775557561562891e-17
2.431572830895149e-01 5.551115123125783e-17



===== TEST 16 =====
1                                                

5.344443386755109e-01 -2.775557561562891e-17
-4.689929024959053e-01 -6.938893903907228e-17
3.546737364236582e-01 1.387778780781446e-17
-6.229002800484666e-03 4.878909776184770e-17
1.288713516993779e-01 3.642919299551295e-17
1.866316389398501e-01 3.469446951953614e-18



===== TEST 17 =====
2                                                

-5.106591877855033e-01 2.775557561562891e-16
-1.308427591990013e-01 7.979727989493313e-16
-4.497924663259145e-01 -4.718447854656915e-16
-6.409438599189754e-01 6.106226635438361e-16
1.102827493977917e-01 1.269817584415023e-15
7.897452329707692e-01 -8.326672684688674e-16

1.125366169573137e-01 1.734723475976807e-18
-3.957366827446936e-01 -2.775557561562891e-17
5.404944763367822e-01 2.775557561562891e-17
5.137192780694885e-01 2.775557561562891e-17
-5.735228669086443e-01 -4.163336342344337e-17
-1.302962637344926e-01 -1.734723475976807e-17



===== TEST 18 =====
0                                                



===== TEST 19 =====
0                                                



===== TEST 20 =====
0                                                



===== TEST 21 =====
1                                                

-1.936538774566737e-01 0.000000000000000e+00
7.116387832998132e-01 -1.387778780781446e-17
2.919582939223996e-01 2.775557561562891e-17
-5.282088094006226e-02 0.000000000000000e+00
4.702817346455626e-01 -2.081668171172169e-17
-4.796279941616071e-01 -6.938893903907228e-18



===== TEST 22 =====
0                                                



===== TEST 23 =====
0                                                



===== TEST 24 =====
1                                                

2.487403650992138e-01 4.163336342344337e-17
-3.339390247238386e-01 -5.551115123125783e-17
7.701328180657463e-01 0.000000000000000e+00
2.789841505432566e-01 1.110223024625157e-16
-5.172115037216376e-01 5.551115123125783e-17
4.926008587380831e-01 1.942890293094024e-16



===== TEST 25 =====
0                                                



===== TEST 26 =====
5                                                

-7.380358229930956e-02 3.469446951953614e-17
-8.859200636262578e-02 2.081668171172169e-17
-1.042613146970424e-01 -1.387778780781446e-17
4.862813995998125e-02 -3.469446951953614e-18
1.101095234646521e-01 2.081668171172169e-17
1.987773732213028e-01 5.551115123125783e-17

1.906373803634095e-01 -1.665334536937735e-16
7.080591300605404e-02 -6.245004513516506e-17
-1.388045840640890e-01 -4.857225732735060e-17
6.596580653939560e-02 -3.469446951953614e-18
1.816734885660825e-01 4.163336342344337e-17
1.209906526035162e-03 3.361026734705064e-17

1.067162030386004e-01 7.563394355258879e-16
1.936964619319219e-01 1.526556658859590e-16
6.613580679219271e-02 2.307182223049153e-16
-9.032686368852509e-02 -2.810252031082427e-16
-3.325482815655615e-01 -7.771561172376096e-16
-3.428646140592415e-01 -3.330669073875470e-16

-3.435063169034456e-02 1.006139616066548e-16
5.179069950653589e-02 1.040834085586084e-17
-1.071050923670805e-01 2.081668171172169e-17
5.019339182394711e-02 0.000000000000000e+00
1.280289428353053e-01 -4.857225732735060e-17
9.257986804538357e-02 4.857225732735060e-17

-1.874546257736860e-02 3.105155021998485e-16
-9.851932431323912e-02 2.220446049250313e-16
5.489953217095216e-02 2.740863092043355e-16
-7.842766034988363e-02 -3.365363543395006e-16
-2.789285930966507e-01 -8.465450562766819e-16
-2.849818247876931e-01 -4.024558464266192e-16



===== TEST 27 =====
0                                                



===== TEST 28 =====
1                                                

-3.039114052793885e-02 1.040834085586084e-17
-4.100951507931244e-01 -5.551115123125783e-17
6.127557833663964e-01 0.000000000000000e+00
-2.149153494441101e-01 -2.775557561562891e-17
-1.788901612431577e-01 -2.775557561562891e-17
4.090209305889983e-01 -5.551115123125783e-17



===== TEST 29 =====
0                                                



===== TEST 30 =====
0                                                



===== TEST 31 =====
0                                                



===== TEST 32 =====
1                                                

3.215170294691315e-01 5.551115123125783e-17
5.887748202770208e-01 1.110223024625157e-16
4.938013569962439e-01 -2.775557561562891e-17
8.132498809054316e-02 0.000000000000000e+00
-9.857154398521013e-01 1.110223024625157e-16
-4.702642313865125e-01 -5.551115123125783e-17



===== TEST 33 =====
0                                                



===== TEST 34 =====
0                                                



===== TEST 35 =====
0                                                



===== TEST 36 =====
1                                                

-5.506023467737936e-01 -1.942890293094024e-16
-1.297346265106904e-01 -3.469446951953614e-16
-2.529577178180845e-01 1.249000902703301e-16
-3.971324313844942e-01 -1.110223024625157e-16
-9.091256319994799e-02 -1.491862189340054e-16
-1.503407632459226e-01 1.457167719820518e-16



===== TEST 37 =====
0                                                



===== TEST 38 =====
0                                                



===== TEST 39 =====
2                                                

3.789885781386582e-01 1.387778780781446e-17
2.891041690312054e-01 1.387778780781446e-17
1.280756745373710e-01 -6.938893903907228e-18
7.789020210113368e-01 5.551115123125783e-17
1.449366853564762e-01 -6.938893903907228e-18
4.084340823141011e-02 0.000000000000000e+00

-9.004250856845248e-01 5.551115123125783e-17
3.789311048458935e-02 1.040834085586084e-17
-2.947973501872617e-01 -8.326672684688674e-17
-3.477243792959417e-01 0.000000000000000e+00
-3.794904706559188e-01 0.000000000000000e+00
1.362698871684293e-01 2.775557561562891e-17



===== TEST 40 =====
1                                                

-3.419954577333515e-01 0.000000000000000e+00
-7.427711471039851e-01 5.551115123125783e-17
-6.481648873178138e-02 -1.387778780781446e-17
7.021207478416339e-02 -3.469446951953614e-18
-1.383809358323884e-01 6.938893903907228e-18
-3.633636197741681e-01 -2.775557561562891e-17



===== TEST 41 =====
1                                                

2.711734327507951e-01 1.387778780781446e-16
1.397669973479022e-01 2.081668171172169e-17
5.837731439196997e-01 8.326672684688674e-17
4.310414532699385e-01 0.000000000000000e+00
3.584059234136499e-01 8.326672684688674e-17
-4.874517917875694e-01 -1.110223024625157e-16



===== TEST 42 =====
2                                                

2.661348087021187e-01 6.938893903907228e-18
2.043197981371364e-02 1.301042606982605e-18
-1.972812599779693e-01 -6.938893903907228e-18
-5.047786680205028e-02 6.071532165918825e-18
-7.110335980812055e-02 -5.204170427930421e-18
-2.963750700098632e-01 -2.775557561562891e-17

2.730987065914574e-01 -2.775557561562891e-17
-7.926989219036540e-03 1.301042606982605e-18
-1.995627685825192e-01 1.387778780781446e-17
-5.460730179202294e-02 6.938893903907228e-18
-7.214880399193459e-02 1.040834085586084e-17
2.954333719514514e-01 -5.551115123125783e-17



===== TEST 43 =====
0                                                



===== TEST 44 =====
1                                                

-6.670834629499138e-02 0.000000000000000e+00
1.192078864652068e-01 6.938893903907228e-18
9.672047041962870e-02 0.000000000000000e+00
-5.378362948511137e-01 5.551115123125783e-17
-6.642367672725089e-02 6.938893903907228e-18
5.124257026336209e-01 1.110223024625157e-16



===== TEST 45 =====
1                                                

-1.354966882629354e-01 6.938893903907228e-18
1.674591569863936e-01 0.000000000000000e+00
-4.533029734550737e-01 5.551115123125783e-17
-8.895271080990630e-01 -1.110223024625157e-16
-3.939198118306654e-01 2.775557561562891e-17
2.275075161011548e-01 -1.387778780781446e-17



===== TEST 46 =====
2                                                

7.076434484605232e-01 -5.551115123125783e-17
-1.647064353528683e-01 -1.387778780781446e-17
3.361466894615460e-01 -5.551115123125783e-17
-7.424611482541994e-02 -1.387778780781446e-17
5.983591458478912e-01 0.000000000000000e+00
-3.183616110025092e-02 -8.673617379884035e-18

-5.573851002144017e-01 -2.775557561562891e-17
1.125926206314937e-01 -3.469446951953614e-18
-3.744388229672288e-01 0.000000000000000e+00
1.604799656812590e-01 -6.938893903907228e-18
7.385187520991465e-01 -1.110223024625157e-16
-2.780869354750660e-02 -1.734723475976807e-18



===== TEST 47 =====
0                                                



===== TEST 48 =====
1                                                

6.200708118318827e-01 -2.386979502944087e-15
2.171011016702720e-01 -1.817990202823694e-15
1.568000668482945e-02 4.276093368282829e-16
-1.817230142618074e-01 9.992007221626409e-16
-4.929757089837899e-02 -1.110223024625157e-16
2.453456617278358e-01 -3.538835890992686e-15



===== TEST 49 =====
0                                                



===== TEST 50 =====
0                                                



===== TEST 51 =====
0                                                



===== TEST 52 =====
1                                                

4.644090825737847e-02 -1.040834085586084e-17
4.909684195952299e-02 0.000000000000000e+00
-2.420259128645597e-01 4.163336342344337e-17
8.589317047777403e-01 -5.551115123125783e-17
3.024331282351040e-01 -5.551115123125783e-17
5.455157011274266e-01 0.000000000000000e+00



===== TEST 53 =====
0                                                



===== TEST 54 =====
1                                                

-5.222779875363574e-02 1.765081136806401e-16
4.485488218527497e-02 -1.431146867680866e-17
6.617210253024083e-02 -8.673617379884035e-18
-8.195285256946429e-02 2.602085213965211e-18
5.551748194137630e-01 1.942890293094024e-16
-3.097963819574943e-01 -3.469446951953614e-18



===== TEST 55 =====
1                                                

-2.124958933214319e-01 4.163336342344337e-17
4.990493063944701e-01 -3.053113317719180e-16
3.060256461245695e-03 -1.749902306391604e-16
-1.111271797976980e-01 -7.632783294297951e-17
4.175437944698893e-02 1.309716224362489e-15
2.332038309393056e-01 -3.885780586188048e-16



===== TEST 56 =====
0                                                



===== TEST 57 =====
1                                                

-5.552240786910684e-01 -8.326672684688674e-17
-3.361443064915793e-02 3.035766082959412e-17
-4.729359266331086e-01 2.081668171172169e-16
4.032729683741359e-01 -2.636779683484747e-16
4.858227578292155e-02 -4.857225732735060e-17
-5.877013557703700e-01 4.718447854656915e-16



===== TEST 58 =====
0                                                



===== TEST 59 =====
0                                                



===== TEST 60 =====
0                                                



===== TEST 61 =====
1                                                

4.855306190524565e-03 9.757819552369540e-18
6.568258701619174e-02 0.000000000000000e+00
-2.620543036514792e-01 -8.326672684688674e-17
-5.033361047583238e-01 0.000000000000000e+00
-7.685215960119411e-01 -5.551115123125783e-17
4.820739866194429e-01 5.551115123125783e-17



===== TEST 62 =====
1                                                

-2.867716381098501e-01 -2.775557561562891e-17
2.273525379610717e-01 2.775557561562891e-17
-3.713208094369928e-03 -3.469446951953614e-18
-3.856702632751586e-01 -2.775557561562891e-17
9.598066794743831e-02 -6.938893903907228e-18
-3.289967535944871e-01 -2.775557561562891e-17



===== TEST 63 =====
0                                                



===== TEST 64 =====
0                                                



===== TEST 65 =====
0                                                



===== TEST 66 =====
0                                                



===== TEST 67 =====
1                                                

3.548520902688031e-02 2.168404344971009e-19
8.182937934993480e-02 4.336808689942018e-19
1.458926610978546e-01 -2.602085213965211e-18
-2.024288322386799e-01 4.336808689942018e-18
2.732962989473990e-01 -3.469446951953614e-18
-7.668491107571516e-02 0.000000000000000e+00



===== TEST 68 =====
1                                                

-5.602148102357147e-01 -5.551115123125783e-17
6.073159230275634e-01 5.551115123125783e-17
-4.998604604589460e-02 0.000000000000000e+00
4.707421481035455e-01 2.775557561562891e-17
-1.724931052352665e-01 -4.163336342344337e-17
2.402753331100101e-01 4.163336342344337e-17



===== TEST 69 =====
1                                                

1.746310768263395e-01 -2.775557561562891e-17
5.289135271337267e-01 2.775557561562891e-17
2.772771794289548e-01 -2.775557561562891e-17
-2.683295560294821e-01 2.498001805406602e-16
5.998186252009513e-02 6.938893903907228e-18
-8.452309938989029e-02 5.620504062164855e-16



===== TEST 70 =====
1                                                

6.881853313597230e-01 2.275957200481571e-15
-1.414459988148729e-01 -2.275957200481571e-15
3.100518737148409e-01 1.221245327087672e-15
-5.439272535945812e-02 -3.712308238590367e-16
-5.442959078209878e-01 -1.942890293094024e-16
3.872507666965328e-01 7.494005416219807e-16



===== TEST 71 =====
0                                                



===== TEST 72 =====
0                                                



===== TEST 73 =====
0                                                



===== TEST 74 =====
0                                                



===== TEST 75 =====
1                                                

1.617987687512944e-01 -6.938893903907228e-18
-1.710979354846605e-01 5.204170427930421e-18
-3.288976779667750e-02 1.647987302177967e-17
-3.617040911228950e-02 -1.734723475976807e-17
3.599799507875484e-01 4.163336342344337e-17
3.117956188973406e-01 -1.006139616066548e-16



===== TEST 76 =====
0                                                



===== TEST 77 =====
0                                                



===== TEST 78 =====
1                                                

-9.221367623623478e-02 -2.081668171172169e-17
-7.700409189153726e-03 4.336808689942018e-18
6.787833957112359e-01 0.000000000000000e+00
-1.259632925156301e-01 1.387778780781446e-17
-1.384105304456407e-01 2.775557561562891e-17
9.781763689744374e-02 1.387778780781446e-17



===== TEST 79 =====
0                                                



===== TEST 80 =====
0                                                



===== TEST 81 =====
2                                                

-2.921935542503471e-01 0.000000000000000e+00
1.255443332947975e-01 6.938893903907228e-18
-1.347004437218975e-01 2.775557561562891e-17
-5.184238025142154e-01 8.326672684688674e-17
-2.679838818230927e-01 -1.387778780781446e-16
4.609473220467185e-01 -1.110223024625157e-16

9.600581879507961e-02 -6.938893903907228e-18
-8.100707090987482e-01 -5.551115123125783e-17
-4.471614389423935e-01 1.110223024625157e-16
3.739343586042809e-01 2.775557561562891e-17
9.216050280587587e-02 -6.938893903907228e-18
-3.513276849185499e-01 0.000000000000000e+00



===== TEST 82 =====
2                                                

2.657606715351900e-01 5.551115123125783e-17
-9.462919864379715e-02 2.775557561562891e-17
3.843910112930721e-01 -1.387778780781446e-16
9.332928866750949e-01 -3.330669073875470e-16
4.705584307567403e-01 8.326672684688674e-17
-2.243379330638876e-01 1.387778780781446e-17

3.571308263757044e-01 -1.387778780781446e-17
4.456799617551926e-02 -2.081668171172169e-17
9.548247062884549e-02 0.000000000000000e+00
2.705286280537101e-01 2.081668171172169e-17
3.025368430589001e-01 -1.387778780781446e-17
-9.897809518488765e-02 -3.469446951953614e-18



===== TEST 83 =====
1                                                

-7.183431466069671e-01 0.000000000000000e+00
1.387703806797114e-01 1.387778780781446e-17
7.173810314460358e-01 5.551115123125783e-17
-6.639407168743816e-02 0.000000000000000e+00
-1.391609566310122e-01 -1.387778780781446e-17
-5.983100742899343e-01 -5.551115123125783e-17



===== TEST 84 =====
2                                                

3.429222107897497e-02 3.469446951953614e-18
1.670310443512611e-01 4.163336342344337e-17
-1.043024585680107e-01 0.000000000000000e+00
-1.935800115392717e-01 -1.387778780781446e-17
-1.263155706539331e-01 -1.387778780781446e-17
-4.228722233818746e-02 -6.938893903907228e-18

-7.830886301015752e-02 0.000000000000000e+00
6.152388776667861e-02 -1.040834085586084e-17
-1.551568580631506e-01 -5.551115123125783e-17
-1.348745292514850e-01 2.775557561562891e-17
-1.778568833521870e-01 2.775557561562891e-17
-1.616229603022759e-02 -1.734723475976807e-18



===== TEST 85 =====
0                                                



===== TEST 86 =====
1                                                

5.200485570028782e-01 2.775557561562891e-17
-3.219438094827406e-01 -2.775557561562891e-17
-7.207577303238473e-02 1.387778780781446e-17
-9.705580036057877e-01 -1.110223024625157e-16
-7.198301199156225e-01 -2.775557561562891e-16
1.167294921916291e-01 -6.938893903907228e-18



===== TEST 87 =====
0                                                



===== TEST 88 =====
4                                                

-9.524152103262079e-02 2.775557561562891e-17
-5.157102734517268e-02 -1.040834085586084e-17
-4.179234680954216e-01 0.000000000000000e+00
2.731191623955578e-01 1.387778780781446e-17
-2.088843202388787e-01 -2.775557561562891e-17
-8.554223964873605e-01 -1.110223024625157e-16

-1.194580344136259e-01 -2.775557561562891e-17
-2.630374861582496e-01 5.551115123125783e-17
-7.372248112910901e-01 1.387778780781446e-16
2.351347748458167e-01 -1.387778780781446e-17
5.197699494133624e-01 -2.775557561562891e-17
3.511145520683093e-01 -5.551115123125783e-17

1.410070554386328e-01 -6.938893903907228e-18
-3.314610183028166e-01 1.942890293094024e-16
4.222416650990544e-01 -1.110223024625157e-16
2.448617011571407e-01 -5.551115123125783e-17
1.538126000314887e-01 -5.551115123125783e-17
5.349338985790466e-01 2.775557561562891e-17

2.684471010227515e-02 -1.214306433183765e-17
-9.688543796974016e-01 -1.665334536937735e-16
8.069681079596049e-01 -5.551115123125783e-17
2.091757624447453e-01 0.000000000000000e+00
6.821332846243561e-01 5.551115123125783e-17
5.855855058265205e-02 -1.040834085586084e-17



===== TEST 89 =====
0                                                



===== TEST 90 =====
0                                                



===== TEST 91 =====
0                                                



===== TEST 92 =====
0                                                



===== TEST 93 =====
1                                                

-4.240177522741902e-02 3.712308238590367e-16
3.299274646120622e-01 -8.326672684688674e-17
-5.966407834742261e-01 2.220446049250313e-16
-2.960724709182064e-01 5.134781488891349e-16
-2.088883876074485e-01 -2.220446049250313e-16
1.995857327588403e-01 -1.110223024625157e-16



===== TEST 94 =====
0                                                



===== TEST 95 =====
1                                                

-9.329218580878307e-03 1.734723475976807e-18
2.560126462034424e-02 -3.972516759986888e-16
2.565622744231754e-01 -6.938893903907228e-17
6.116014906596477e-02 -3.469446951953614e-18
1.944022840706725e-01 -4.163336342344337e-17
2.288878810443283e-01 -6.938893903907228e-17



===== TEST 96 =====
0                                                



===== TEST 97 =====
3                                                

1.453748012642883e-01 -2.775557561562891e-17
3.942112238544582e-02 0.000000000000000e+00
1.745342032143306e-01 2.775557561562891e-17
5.863834359697624e-01 0.000000000000000e+00
-2.452646988496082e-01 -5.551115123125783e-17
-3.396318947104832e-01 -5.551115123125783e-17

6.436463246167331e-01 5.551115123125783e-16
-6.855143494559297e-01 -1.332267629550188e-15
4.385881055248133e-01 -4.163336342344337e-16
3.268421066048201e-01 -1.318389841742373e-15
6.999851162439376e-01 1.110223024625157e-15
-2.269199084088893e-01 1.082467449009528e-15

-7.627705238570993e-01 0.000000000000000e+00
-6.315177143579327e-01 1.665334536937735e-16
1.429000324736875e-01 -1.387778780781446e-17
4.706261565808278e-01 0.000000000000000e+00
-7.220844048039761e-01 0.000000000000000e+00
-5.436164973452401e-02 2.775557561562891e-17



===== TEST 98 =====
1                                                

-4.438459843454942e-01 6.938893903907228e-18
-3.934891348210161e-01 1.387778780781446e-17
5.016383580812117e-01 -1.387778780781446e-17
-7.364004807270533e-02 4.250072516143177e-17
-4.751541912488829e-01 0.000000000000000e+00
2.079564602945788e-01 0.000000000000000e+00



===== TEST 99 =====
2                                                

-2.629693431329234e-01 -8.326672684688674e-17
4.273731804488390e-01 1.387778780781446e-16
2.198851839387255e-01 5.551115123125783e-17
1.473195184205842e-02 5.551115123125783e-17
5.425386410558077e-01 1.110223024625157e-16
-9.896246900543454e-01 -2.220446049250313e-16

1.770040308894344e-02 1.092875789865388e-16
5.212262680078943e-02 -1.700029006457271e-16
1.819142938185025e-01 1.387778780781446e-17
-1.337826393965477e-01 -1.387778780781446e-17
4.916675399166376e-01 -1.387778780781446e-16
-8.522856494992264e-01 2.220446049250313e-16



===== TEST 100 =====
2                                                

-3.360543536859228e-01 3.053113317719180e-16
-4.356041510369247e-01 1.318389841742373e-16
-3.489988847080062e-01 6.245004513516506e-17
-3.356329670937547e-01 1.734723475976807e-16
-4.044739458831653e-02 7.806255641895632e-18
-3.853429368260488e-02 -1.409462824231156e-16

6.246189566784093e-01 -5.551115123125783e-17
3.977692248174909e-02 3.469446951953614e-18
-1.584862314704582e-01 0.000000000000000e+00
-3.449916767136865e-02 6.938893903907228e-18
4.368359225813043e-01 -2.775557561562891e-17
-8.024264208763694e-01 1.110223024625157e-16



