===== RESULTS FOR dim=3, deg=2, nonzero=3, Bertini v1.6 =====

===== TEST 1 =====
0                                                



===== TEST 2 =====
1                                                

2.412672065543951e-01 -2.220446049250313e-16
2.110228175726806e-02 -3.816391647148976e-17
1.114813473288312e-01 1.387778780781446e-17



===== TEST 3 =====
4                                                

1.255426974589758e-01 -4.163336342344337e-17
5.143965115451248e-01 0.000000000000000e+00
-1.736483876937236e-01 -3.122502256758253e-17

8.537792800064906e-02 -3.469446951953614e-17
-1.157290010901590e-01 -6.938893903907228e-18
-3.438887640459318e-01 -2.775557561562891e-17

-2.933086645559251e-01 1.040834085586084e-16
1.488638154073366e-01 -1.387778780781446e-17
-3.089052475652116e-01 -1.179611963664229e-16

-1.920276089390177e-01 2.775557561562891e-17
-2.655091649375985e-01 2.081668171172169e-17
-6.087741138740904e-01 1.387778780781446e-17



===== TEST 4 =====
0                                                



===== TEST 5 =====
0                                                



===== TEST 6 =====
1                                                

-6.787020633693774e-02 1.734723475976807e-17
-2.881848519064692e-02 1.734723475976807e-18
2.442041687795303e-02 0.000000000000000e+00



===== TEST 7 =====
1                                                

-7.864425402693354e-02 -1.457167719820518e-16
9.619679239863425e-02 2.879640970121500e-16
5.469113365794592e-02 4.996003610813204e-16



===== TEST 8 =====
2                                                

7.802358225059169e-02 0.000000000000000e+00
-5.969816286349898e-01 5.551115123125783e-17
1.204520086501271e-01 -6.938893903907228e-18

3.362132450482276e-02 1.387778780781446e-17
-8.735281146115480e-01 -5.551115123125783e-17
2.795924176342172e-01 2.775557561562891e-17



===== TEST 9 =====
1                                                

-7.780885855130153e-01 1.110223024625157e-16
2.342224241237871e-02 2.949029909160572e-17
-6.233297783424179e-01 1.665334536937735e-16



===== TEST 10 =====
1                                                

1.130590699508376e-01 1.387778780781446e-17
-5.237762511042354e-02 6.938893903907228e-18
8.396641652941017e-01 -2.775557561562891e-17



===== TEST 11 =====
0                                                



===== TEST 12 =====
3                                                

5.085096009492833e-01 -9.575673587391975e-16
8.249759749681037e-01 4.996003610813204e-16
-6.880808903667620e-01 2.609024107869118e-15

8.823202368654651e-02 0.000000000000000e+00
-8.576562050365633e-01 -5.551115123125783e-17
1.640870913072889e-01 -1.387778780781446e-17

-7.978133183980526e-01 1.665334536937735e-16
7.165112353126427e-01 -1.110223024625157e-16
-9.107774123317047e-01 1.110223024625157e-16



===== TEST 13 =====
0                                                



===== TEST 14 =====
0                                                



===== TEST 15 =====
0                                                



===== TEST 16 =====
1                                                

9.647183345263964e-02 2.081668171172169e-17
-1.020788539223099e-02 0.000000000000000e+00
3.980490542909787e-02 8.673617379884035e-18



===== TEST 17 =====
2                                                

-1.880158543056018e-01 1.734723475976807e-17
9.232751917044872e-02 -6.938893903907228e-18
-8.274825066688268e-02 1.734723475976807e-17

-1.080371417935416e-01 -1.387778780781446e-17
1.042933049685887e-01 0.000000000000000e+00
1.444005552721170e-01 0.000000000000000e+00



===== TEST 18 =====
0                                                



===== TEST 19 =====
1                                                

1.646514951394684e-01 1.526556658859590e-16
3.157947154178233e-01 2.775557561562891e-17
4.281941898166409e-01 -2.498001805406602e-16



===== TEST 20 =====
0                                                



===== TEST 21 =====
1                                                

6.687472697581923e-02 1.353084311261910e-16
-3.133083287304890e-01 3.608224830031759e-16
7.091705963324987e-02 -2.775557561562891e-17



===== TEST 22 =====
2                                                

-1.095607044921341e-01 1.040834085586084e-16
2.203611165605341e-02 -5.928417479150738e-16
-1.628447233578608e-01 -7.285838599102590e-17

-1.008476508334677e-01 -1.006139616066548e-16
-3.301019444064873e-02 6.140921104957897e-16
-1.675010839532377e-01 6.245004513516506e-17



===== TEST 23 =====
0                                                



===== TEST 24 =====
2                                                

1.573317635201814e-01 -2.775557561562891e-17
-5.409656099528316e-02 3.469446951953614e-18
1.539099371023440e-01 -1.387778780781446e-17

-3.487016758945388e-01 4.024558464266192e-16
-7.215994744313537e-01 -8.881784197001252e-16
-6.943640208864359e-01 -1.665334536937735e-16



===== TEST 25 =====
2                                                

-1.110366904036380e-01 -6.938893903907228e-17
-2.599088893999791e-01 -2.775557561562891e-17
2.427918448431114e-01 4.163336342344337e-17

-4.868447072220085e-01 3.053113317719180e-16
-9.158644673593208e-02 -3.469446951953614e-17
2.199472952177871e-01 2.775557561562891e-17



===== TEST 26 =====
1                                                

1.890978195555437e-01 -1.387778780781446e-17
-3.852781720265301e-01 1.387778780781446e-16
1.582589965234748e-01 1.110223024625157e-16



===== TEST 27 =====
2                                                

3.460903258377525e-01 0.000000000000000e+00
3.936890237942349e-01 -2.775557561562891e-17
5.139957479561705e-01 0.000000000000000e+00

-3.261546099259534e-01 1.942890293094024e-16
8.709107078140768e-01 2.053912595556540e-15
-7.999730788767194e-01 -6.661338147750939e-16



===== TEST 28 =====
1                                                

-1.489508574123062e-01 1.734723475976807e-18
-1.005021242336883e-01 4.336808689942018e-19
-6.742596748980053e-01 1.734723475976807e-18



===== TEST 29 =====
0                                                



===== TEST 30 =====
2                                                

1.174408577833809e-01 3.469446951953614e-18
2.011822022666481e-01 -7.632783294297951e-17
9.750269000577018e-02 -3.469446951953614e-17

1.196341228273309e-01 -3.469446951953614e-18
3.130487484991824e-01 8.326672684688674e-17
1.447432258556262e-01 4.163336342344337e-17



===== TEST 31 =====
0                                                



===== TEST 32 =====
1                                                

-3.214610528697834e-02 8.673617379884035e-18
-2.195914098405208e-01 2.775557561562891e-17
9.312563637737345e-02 1.387778780781446e-17



===== TEST 33 =====
0                                                



===== TEST 34 =====
2                                                

6.082654738627608e-01 5.551115123125783e-17
-4.967231401135969e-01 5.551115123125783e-17
7.641825875165859e-01 5.551115123125783e-17

-6.276170213654889e-01 0.000000000000000e+00
-4.861054219875892e-01 -5.551115123125783e-17
7.426250780126658e-01 1.110223024625157e-16



===== TEST 35 =====
0                                                



===== TEST 36 =====
0                                                



===== TEST 37 =====
0                                                



===== TEST 38 =====
1                                                

-8.404890868068357e-02 -3.122502256758253e-17
-5.375666249838196e-02 2.602085213965211e-17
-7.276878806888640e-02 -3.816391647148976e-17



===== TEST 39 =====
2                                                

-6.124104932863408e-02 -5.447031714567174e-16
5.081554838323166e-02 -3.053113317719180e-16
1.323966928393834e-01 4.857225732735060e-16

-6.412892843402023e-01 1.804112415015879e-16
-5.824028322619822e-01 5.551115123125783e-17
5.308966888366027e-01 -1.110223024625157e-16



===== TEST 40 =====
2                                                

8.987184257314521e-02 -6.938893903907228e-18
-4.994021936866489e-04 -2.710505431213761e-20
8.547126346093931e-02 6.938893903907228e-18

-1.089787324585054e-01 1.387778780781446e-17
-5.393411156166308e-04 1.084202172485504e-19
8.293207654945479e-02 -2.081668171172169e-17



===== TEST 41 =====
5                                                

-3.449099267613472e-02 1.734723475976807e-18
3.018713755777511e-01 -1.040834085586084e-17
4.362511914497275e-02 0.000000000000000e+00

2.266859845301177e-01 6.938893903907228e-18
3.069433493705835e-01 4.857225732735060e-17
3.923745618029208e-02 0.000000000000000e+00

8.989323698603076e-01 -1.665334536937735e-16
-1.377116259816119e-01 -6.938893903907228e-17
-2.677716554702770e-01 1.387778780781446e-16

4.611833149904743e-01 1.110223024625157e-16
-2.900999955202346e-01 9.714451465470120e-17
-5.412045013259124e-02 -4.163336342344337e-17

-5.527208772114789e-01 -2.220446049250313e-16
-3.119506401558630e-01 3.330669073875470e-16
-3.498009958369912e-02 1.908195823574488e-16



===== TEST 42 =====
2                                                

1.312342961242406e-02 3.252606517456513e-18
1.498400024077179e-01 0.000000000000000e+00
-3.237891330219296e-01 -3.469446951953614e-18

4.168189678172609e-01 -1.387778780781446e-17
-9.753947312023045e-02 1.387778780781446e-17
-5.956031510475520e-01 2.775557561562891e-17



===== TEST 43 =====
1                                                

-5.333240466435692e-02 0.000000000000000e+00
-7.056163448658713e-03 4.293440603042598e-17
1.360549207180313e-01 6.938893903907228e-18



===== TEST 44 =====
2                                                

1.673430962815216e-01 0.000000000000000e+00
-8.278873935088918e-02 0.000000000000000e+00
1.194798529724561e-01 1.387778780781446e-17

5.008741570347776e-02 9.367506770274758e-17
-7.598216973435354e-02 -3.469446951953614e-18
-5.501600191642151e-02 -2.428612866367530e-17



===== TEST 45 =====
1                                                

2.437691151263830e-02 -1.366094737331736e-17
1.027468620029818e-01 -3.144186300207963e-18
-4.871750065604294e-01 1.847480501915300e-16



===== TEST 46 =====
0                                                



===== TEST 47 =====
0                                                



===== TEST 48 =====
0                                                



===== TEST 49 =====
1                                                

-5.705528136405393e-01 -5.551115123125783e-17
9.100862764446277e-01 5.551115123125783e-16
-8.719547308662141e-01 1.110223024625157e-16



===== TEST 50 =====
1                                                

4.837501268928742e-01 5.551115123125783e-17
2.050479995495566e-02 2.168404344971009e-17
-5.422810039980412e-01 -4.302114220422482e-16



===== TEST 51 =====
2                                                

5.253353346121510e-02 -6.938893903907228e-18
1.849614176261865e-01 1.387778780781446e-17
3.767505712847320e-01 1.110223024625157e-16

5.253353346121509e-02 -1.734723475976807e-17
1.849614176261864e-01 -6.938893903907228e-17
2.496251117132513e-01 5.551115123125783e-17



===== TEST 52 =====
1                                                

-3.117775579140271e-01 -2.775557561562891e-17
4.438425707628209e-01 0.000000000000000e+00
-1.546482007148929e-01 -1.387778780781446e-17



===== TEST 53 =====
0                                                



===== TEST 54 =====
4                                                

1.161337459155123e-01 -5.620504062164855e-16
-8.657703390384094e-02 6.938893903907228e-18
2.351225250144596e-01 2.775557561562891e-17

9.288830043624413e-02 -2.081668171172169e-17
-2.415126793220620e-01 -4.163336342344337e-17
-4.128168561328075e-01 -5.551115123125783e-17

-2.702093803146807e-01 1.942890293094024e-16
-8.657703390384089e-02 1.387778780781446e-17
2.351225250144595e-01 -5.551115123125783e-17

-5.226930373751335e-01 0.000000000000000e+00
-2.415126793220620e-01 -3.469446951953614e-18
-4.128168561328075e-01 0.000000000000000e+00



===== TEST 55 =====
2                                                

6.905159605474431e-02 3.469446951953614e-18
6.306204647574115e-02 -3.469446951953614e-18
5.390151766302666e-02 3.469446951953614e-18

-4.806719018460522e-02 3.469446951953614e-18
-1.635018142032782e-01 -3.330669073875470e-16
3.136069943609797e-02 -1.734723475976807e-17



===== TEST 56 =====
0                                                



===== TEST 57 =====
1                                                

-2.894976065134934e-02 -2.602085213965211e-17
-8.368732225244811e-02 3.261280134836397e-16
3.630153064331575e-01 -3.885780586188048e-16



===== TEST 58 =====
0                                                



===== TEST 59 =====
0                                                



===== TEST 60 =====
0                                                



===== TEST 61 =====
2                                                

5.834740926649525e-01 0.000000000000000e+00
1.583479305382585e-02 1.734723475976807e-18
-2.158114396247768e-01 -1.387778780781446e-17

-4.757764488278157e-01 -3.330669073875470e-16
2.489875254981891e-01 1.110223024625157e-16
-1.491304147545686e-01 -2.220446049250313e-16



===== TEST 62 =====
0                                                



===== TEST 63 =====
1                                                

-1.263925498370112e-02 -2.027458062547893e-16
2.065790319157610e-03 1.134075472419838e-16
-1.011702549602729e-02 2.374402757743255e-16



===== TEST 64 =====
1                                                

1.482840246128678e-01 1.387778780781446e-17
9.692375619442111e-01 -5.551115123125783e-17
-3.015909167808823e-01 0.000000000000000e+00



===== TEST 65 =====
2                                                

-6.876836793721156e-01 2.775557561562891e-17
-6.471855528623579e-01 0.000000000000000e+00
3.126581938509219e-02 -1.561251128379126e-17

1.015546317535846e-02 -1.064686533380765e-16
-5.113734810921979e-01 -2.775557561562891e-17
-2.183579255091671e-01 4.510281037539698e-17



===== TEST 66 =====
0                                                



===== TEST 67 =====
0                                                



===== TEST 68 =====
1                                                

8.591746513322010e-02 1.127570259384925e-17
8.740569908050325e-02 -9.367506770274758e-17
-2.227271092188406e-02 1.559082724034155e-16



===== TEST 69 =====
1                                                

6.635384245331657e-01 5.551115123125783e-17
-1.024871451469701e-01 2.081668171172169e-17
-1.094692781188320e-01 -1.387778780781446e-17



===== TEST 70 =====
2                                                

2.167504832916819e-01 -4.336808689942018e-18
-1.840421312368433e-01 1.994931997373328e-17
-4.122162325983312e-01 1.214306433183765e-17

-2.574617233079146e-01 1.387778780781446e-17
-3.610301456840103e-01 6.938893903907228e-18
2.775819206396539e-01 6.938893903907228e-18



===== TEST 71 =====
3                                                

4.701840639315850e-01 -2.498001805406602e-16
1.839089599347640e-02 1.734723475976807e-18
1.882895856336804e-02 1.734723475976807e-18

1.836440856410006e-01 -3.073929999430902e-15
8.502296903366366e-02 -1.026956297778270e-15
-7.164277471014999e-01 5.828670879282072e-16

-3.040739481268192e-02 2.668004706052329e-15
1.438214084419537e-02 8.855763344861600e-16
-6.791186624895769e-01 -4.440892098500626e-16



===== TEST 72 =====
1                                                

-1.980888967271107e-01 -5.412337245047638e-16
-2.208184398404507e-01 3.191891195797325e-16
-6.642800322309708e-02 1.266348137463069e-16



===== TEST 73 =====
0                                                



===== TEST 74 =====
1                                                

1.766701565662784e-01 5.551115123125783e-17
3.622882085349214e-01 1.110223024625157e-16
-9.478894415246628e-01 -2.775557561562891e-16



===== TEST 75 =====
2                                                

5.068231693137111e-01 2.775557561562891e-17
-6.677749329675994e-02 3.469446951953614e-17
-3.554615322672373e-02 -3.469446951953614e-18

-4.607676586725581e-01 0.000000000000000e+00
1.309541838378342e-01 -4.163336342344337e-17
-7.036623560958349e-02 6.938893903907228e-18



===== TEST 76 =====
2                                                

6.251019586859466e-03 -4.336808689942018e-18
-5.733177009308989e-02 1.040834085586084e-17
3.105130575424550e-01 -2.775557561562891e-17

1.158913819484650e-02 -2.602085213965211e-17
-5.742118116206248e-02 -2.255140518769849e-17
-3.170339167424896e-01 -2.775557561562891e-17



===== TEST 77 =====
1                                                

-4.112499308376732e-02 1.613292832658431e-16
-2.203930641859626e-02 2.914335439641036e-16
-2.064016805127985e-01 -4.718447854656915e-16



===== TEST 78 =====
0                                                



===== TEST 79 =====
2                                                

-3.648360611803292e-01 2.775557561562891e-17
-4.595766165644521e-02 6.938893903907228e-18
-5.660239585368954e-01 0.000000000000000e+00

1.716664482724282e-01 0.000000000000000e+00
-4.060007701405142e-02 0.000000000000000e+00
2.725325868561005e-03 -2.070826149447313e-17



===== TEST 80 =====
2                                                

-3.048947861440078e-02 -1.561251128379126e-17
2.008495927680154e-01 6.245004513516506e-17
6.595190298397389e-01 5.551115123125783e-17

4.527148433888134e-01 8.326672684688674e-17
4.768164417792521e-02 -8.673617379884035e-18
8.303170037474189e-02 -1.387778780781446e-17



===== TEST 81 =====
0                                                



===== TEST 82 =====
1                                                

6.759344592098122e-01 5.551115123125783e-17
6.863946115502192e-01 -5.551115123125783e-17
-7.428829589636599e-01 -1.665334536937735e-16



===== TEST 83 =====
2                                                

-2.186018651776403e-01 2.081668171172169e-17
-2.857213395532615e-01 2.775557561562891e-17
-1.115762155197327e-01 0.000000000000000e+00

1.902464454492409e-01 -2.775557561562891e-17
2.084376372265980e-01 -2.775557561562891e-17
-9.236949487515947e-02 5.204170427930421e-18



===== TEST 84 =====
1                                                

7.455703954156596e-01 -2.498001805406602e-16
1.163879337887532e-01 6.938893903907228e-17
-1.675279606788576e-01 4.163336342344337e-17



===== TEST 85 =====
0                                                



===== TEST 86 =====
1                                                

-6.730247307432387e-02 -2.775557561562891e-17
5.700199908163760e-01 3.330669073875470e-16
-9.963381042302887e-02 -2.775557561562891e-17



===== TEST 87 =====
0                                                



===== TEST 88 =====
2                                                

-2.038570995193311e-02 7.116703060194851e-16
3.228418009936414e-02 -1.186550857568136e-15
-3.600095844285790e-02 4.865899350114944e-16

-2.073464563244822e-02 1.561251128379126e-17
8.986549258954109e-02 -6.938893903907228e-17
-5.679558139486726e-01 8.326672684688674e-17



===== TEST 89 =====
0                                                



===== TEST 90 =====
0                                                



===== TEST 91 =====
1                                                

-1.622464840134456e-01 0.000000000000000e+00
1.111833922858362e-01 -6.938893903907228e-18
-3.086668104246472e-01 -2.775557561562891e-17



===== TEST 92 =====
0                                                



===== TEST 93 =====
2                                                

-3.274192249963414e-01 5.551115123125783e-17
1.938889145467870e-01 -4.163336342344337e-17
2.860059259171539e-01 -2.775557561562891e-17

3.071275112535575e-01 -1.040834085586084e-17
-1.853871595547432e-01 4.336808689942018e-17
-3.812418604494360e-01 1.040834085586084e-17



===== TEST 94 =====
0                                                



===== TEST 95 =====
0                                                



===== TEST 96 =====
1                                                

-8.538422224978806e-01 -1.110223024625157e-16
-4.895175369892945e-01 -2.775557561562891e-17
-1.737272393554001e-01 -6.938893903907228e-17



===== TEST 97 =====
1                                                

-1.119028276380475e-01 -2.185751579730777e-16
2.379277473152894e-02 5.551115123125783e-17
1.365784075062590e-01 -2.185751579730777e-16



===== TEST 98 =====
0                                                



===== TEST 99 =====
0                                                



===== TEST 100 =====
0                                                



