0.004792681560000001
0.00375442544
0.003452007160000001
0.00410726651
0.004473538089999999
0.004716815079999997
0.00421203229
0.005602902010000002
0.0074520389600000025
0.007318443680000001
0.008775177729999998
0.009629240730000004
0.012289238370000002
0.012571965890000002
0.012743661909999999
0.014050004169999996
0.016087412859999994
0.016450571369999997
0.018390766850000004
0.019166690640000008
0.02115766007
0.023140684099999986
0.02357346194999999
0.02492782236999999
0.026981805589999984
0.03940113839000001
0.03316893781000001
0.03546179926000002
0.036395508679999994
