5.232544879237662e-17
4.835325661026477e-17
5.04820003977754e-17
4.756892492958511e-17
5.120159549026953e-17
6.414011443761239e-17
4.82780413154478e-17
4.425853310866442e-17
5.72744403410915e-17
4.687504071122329e-17
5.658943563109585e-17
4.4051844162365646e-17
5.629578356379967e-17
5.771050536602812e-17
6.269389241725577e-17
6.111286245576626e-17
7.932438018728281e-17
7.153421373769693e-17
9.236499007766093e-17
4.3682994926254946e-17
5.849131720280772e-17
6.611223914000499e-17
8.315107861515495e-17
6.098875465215185e-17
1.0538445116559103e-16
6.769037216020067e-17
7.751529246522554e-17
9.300843512673872e-17
9.945747928933694e-17
