1.5383681944958726e-14
1.1749841356294339e-14
1.1358450089499466e-14
1.0132181010001629e-14
6.451401031773961e-15
8.081654419139161e-15
4.634691966282989e-15
3.3193899831498314e-15
5.670169593768059e-15
5.062504396812115e-15
6.111659048158352e-15
3.7003549096387145e-15
4.728845819359172e-15
2.7701042575693498e-15
4.325878576790648e-15
2.2000630484075856e-15
4.521489670675121e-15
5.36506603032727e-15
4.433519523727725e-15
7.86293908672589e-16
2.2811613709095013e-15
1.1900203045200897e-15
1.2472661792273243e-15
2.3785614314339222e-15
1.2646134139870924e-15
1.624568931844816e-15
1.6278211417697364e-15
2.232202443041729e-15
3.878841692284141e-15
