5.160594439506530628e-01
5.161814308166503551e-01
5.163118791580200151e-01
5.167195057868957386e-01
5.169819307327270241e-01
5.169874382019042924e-01
5.175939393043518244e-01
5.177456068992615235e-01
5.176705789566039551e-01
5.170569729804992409e-01
5.187442946434021041e-01
5.185861515998840821e-01
5.180046296119690252e-01
5.191892218589783115e-01
5.190459442138671831e-01
5.189544963836669744e-01
5.187397289276123313e-01
5.184557008743285733e-01
5.186703729629517090e-01
5.181519079208374290e-01
5.195218014717102317e-01
5.193478155136108665e-01
5.211607313156128019e-01
5.189847064018249245e-01
5.174440431594848899e-01
5.181838107109070224e-01
5.189286804199219061e-01
5.193664216995239613e-01
5.191352963447570801e-01
