1.896792308166966001e-16
2.827489408835415224e-16
2.792578138481762788e-16
1.196331662358064155e-15
1.888585620547114271e-15
1.959185919332251860e-15
7.709213402549116917e-16
1.428003048346543376e-15
1.627593405723350607e-15
9.774303936697873580e-16
3.252471592965150535e-15
7.669566426060709035e-15
3.425832833093624318e-15
4.437333858097568801e-15
6.386599479098551662e-16
2.426393246650033709e-15
1.949632005607186755e-15
4.294116219384134260e-15
7.714008542798109311e-16
1.824749527079251970e-15
2.792886325379581113e-16
5.054855290108462381e-15
4.595797483894492608e-15
1.648333836029003826e-16
1.327154325467624093e-14
8.908363948543456634e-16
1.519277751347855354e-15
3.709537614479238562e-15
1.442641943741073362e-14
