1.360023205165816762e-14
3.297362383136714925e-14
3.569367024169878277e-14
7.183142969324762817e-14
1.335320742867907029e-13
2.462474668618597207e-13
5.817568649035820272e-14
6.986078382453797531e-14
6.228351168147128192e-14
2.979907987032959227e-14
1.718972186814937686e-13
4.107044565548889636e-13
2.321337566613124181e-13
1.723066134218242951e-13
1.784683512084939139e-14
1.366406987557411412e-13
1.026956297778269800e-13
2.114697306154766920e-13
1.959543638463401294e-14
6.300515664747763367e-14
2.609024107869117870e-15
2.970679258140762613e-13
1.129651927556096780e-13
7.063793994177558488e-15
5.356479149121184946e-13
3.078093335773246508e-14
3.173850071647166260e-14
1.018629625093581126e-13
7.423367476278031063e-13
