Test 1

Test 2

Test 3

Test 4
-0.7824005343499344 0.68431386523290638
-0.64771117365187358 -0.66874997626282584

Test 5
0.26770234525403219 0.89028617353589168
-0.80575536974217987 0.89647139758905714
0.23354683703916229 -0.92741292884942395
-0.73156098238958955 -0.83376539310533271

Test 6

Test 7
0.96784772675901265 0.44048577702080421

Test 8

Test 9

Test 10
0.91011265753256521 0.56270999233089669
0.86402056005859762 -0.70814628599054952

Test 11
0.94096849264975624 -0.91256175826293762

Test 12

Test 13

Test 14

Test 15
-0.70324030811541727 0.82434223190643885
-0.91586209664980645 0.95680279834237103

Test 16

Test 17
-0.78258131662796437 0.45701235264148182
-0.78313105043697195 -0.4593486104750002

Test 18
0.77475400064840194 0.57626300877081493
0.77448171900805096 -0.58852371614155286

Test 19

Test 20
0.83781031979825649 -0.89289404331185529
-0.53117849831704678 -0.98052068071725995

Test 21

Test 22

Test 23

Test 24

Test 25
-0.082937177431598799 -0.22540799590264979

Test 26

Test 27

Test 28

Test 29
0.79048778733628478 -0.94197810268221882

Test 30

Test 31

Test 32
-0.30515324239031982 0.56352125750755433

Test 33

Test 34

Test 35

Test 36

Test 37

Test 38

Test 39
-0.12960599113076829 -0.028376339028755901

Test 40

Test 41
-0.50255803154072309 0.9473243851588008

Test 42

Test 43

Test 44

Test 45
0.7882745754548196 0.81910336254327609
-0.61440790572729598 0.73292073365264609

Test 46

Test 47
0.80859074587753477 0.35790573638813239
-0.8075823332729144 0.36539423717541408

Test 48

Test 49
0.9184150479392128 0.67371681950530526
0.73150023344825521 0.53536450295522242
-0.78613917529967625 0.99038151860996204
-0.7367983740211026 0.54472122168089809
-0.86519768254312501 0.68072046078643478

Test 50

Test 51
-0.66026417951492844 -0.88378027089832489

Test 52
-0.54059598926804164 0.72469547597781159
-0.53997651957305126 -0.71258055780872709

Test 53
0.76747473095215857 -0.95147854981662017
-0.7717956896149557 -0.94401227272831278
-0.54363302894267773 0.89937609887826186
0.54467014028109439 0.89787984338112403

Test 54

Test 55

Test 56

Test 57

Test 58

Test 59

Test 60
0.98948156867136405 -0.95028340046217941

Test 61

Test 62
0.59870250350051801 -0.98439990436449443

Test 63

Test 64
0.86325112111349966 -0.64095322537562538
0.92511909752933763 0.32532343924647023
0.86957725250816098 -0.42320402950794328
-0.91205450138465682 -0.37921438791626672
-0.87961941829092183 -0.59529676380688989
-0.86143368982280411 0.36546844100406078

Test 65
0.087349291215050195 -0.1211246285549207

Test 66

Test 67

Test 68

Test 69
-0.64613832290001227 0.21674677280062329

Test 70
0.67503240988263957 -0.39110623736377398
-0.86013558367594967 0.30708155806890292

Test 71
-0.85517196173825294 0.66049972148922753
-0.92249119659012402 -0.61408354009950683

Test 72
-0.62684555866443792 0.37186619122820658

Test 73
0.48042735531233233 -0.32879643211344572
-0.51219369672236925 0.32850609335096609

Test 74
0.49224094549821351 0.90066545691489641
0.65756433242444712 -0.73881441371397272

Test 75

Test 76

Test 77
-0.6988691062046738 -0.80064216243011899

Test 78
0.91665306465680718 0.35074380277143402

Test 79

Test 80
-0.78901571638687762 -0.99930325058936098

Test 81

Test 82
0.94273791387277084 0.75212948185997408
-0.33628922908678571 0.49202461821498128
-0.33862088595180623 -0.49208503142264748

Test 83
0.79640125848382526 -0.58606232350218745
-0.56832688700545353 -0.43655227686973708
0.70933315564136079 -0.47294094010597398

Test 84

Test 85

Test 86

Test 87
0.22466515438671081 -0.53771365382536307

Test 88

Test 89
0.68113766930195974 0.93963020364254124
-0.4541195005539122 -0.0014639392514601999
-0.70465344110278816 -0.84881595799519804

Test 90

Test 91

Test 92

Test 93

Test 94
0.0742104659346004 0.032252713541673299

Test 95

Test 96
0.84631567279040398 -0.89750232907371608
-0.84631567279040387 0.89750232907371619

Test 97

Test 98

Test 99

Test 100
0.26075239154495861 -0.1537753860174389
-0.26088406594514452 -0.15385482721335569

