Test 1
0.1011086962678065 0.0263514385617417

Test 2
0.975955129170332 0.026880521133221799
-0.95214607318512101 -0.0283375550689033

Test 3
0.1178127193088882 0.16614070420323809

Test 4

Test 5
0.97686454404587064 0.60562953707842104

Test 6

Test 7

Test 8

Test 9
0.92649081981201975 0.59107053054109426
0.79379162640417977 0.24020514250083541
-0.8644023780178407 0.82594714426586668

Test 10
0.20975123670357559 0.90572502209713757
0.50030852972568929 -0.31203389835540568

Test 11

Test 12

Test 13
-0.64423032869368857 0.11914102743117271
0.17606630106082841 -0.58018017947686085

Test 14

Test 15
0.99630655936215118 0.77667145760786138
-0.059916041191693997 -0.32533257467122201

Test 16

Test 17

Test 18

Test 19
0.5464252062969045 -0.51252877199899471
0.47510572259960743 -0.25271373164885141
-0.90532527010007124 0.58176332600457226
-0.37454877699122813 -0.1595859858299781

Test 20
-0.14989384567924791 0.062213137343821903

Test 21
0.029415436038279501 0.18318976109637769

Test 22
0.30811592965907642 0.2546974158310325
-0.3313091803766875 -0.2453330192014862

Test 23
-0.54663107366984975 -0.86716728981347091

Test 24
-0.12748690331909859 0.20958829803622039

Test 25

Test 26
0.78955783903832477 -0.1073414425994704
-0.67241253733747164 -0.1171998331211328

Test 27

Test 28
-0.0068160943670619997 -0.9669129213878872

Test 29

Test 30
0.21020107395520321 -0.0075849464032799003

Test 31

Test 32
-0.57346596331581789 0.49265043488694421

Test 33

Test 34
0.063626018579002006 0.242895765275188
0.83806221723803975 -0.70609956575356403

Test 35

Test 36
0.26603983522323499 -0.25563517652799561

Test 37
0.79103603462635486 -0.2345950908990522
-0.73603688950908042 0.31755225748830368

Test 38

Test 39
-0.2315168587714965 0.78912450511253507
-0.1868863094269323 -0.26122217859065172

Test 40
0.90959509214035461 0.20067920954598989
0.161110623284728 -0.050047756797664197

Test 41

Test 42

Test 43

Test 44
0.73402100714150809 -0.43216372867283859
-0.63921391324944565 -0.43739542887088201

Test 45
0.42078650071380419 -0.3909278104700401

Test 46
-0.038257770045269403 0.024012250373845901

Test 47
-0.52894084718158851 -0.028272718928863301
-0.7887484586976562 -0.93824429893816841

Test 48
0.45124078858954708 0.010521764505136699

Test 49
-0.16191780132836869 0.55090608014042686

Test 50

Test 51
-0.070402453844021606 0.39469607305856491
-0.070491676274891599 -0.40270749919919169

Test 52
-0.034422145197716497 -0.36004399589854691

Test 53
0.89639588096954104 0.66529768753146035
0.78490523207059171 -0.27632000005729951
-0.1187011737207127 0.1403202728206184
-0.12051334885973571 -0.1403483426125679

Test 54
0.1770886464474879 -0.14614250264710629
-0.16623358063135041 -0.1099033966769194

Test 55
0.75838919412786909 0.31821336870752659
0.20014166743906889 0.34959474959343201
0.1751479883503449 -0.35022688872859231
-0.16319595509690371 0.35050043205825299
-0.1790222967107129 -0.35013420962300912

Test 56

Test 57

Test 58

Test 59
-0.9152498878315416 0.0318225221172313

Test 60

Test 61

Test 62

Test 63
0.1714688738776283 0.47408598763514698
0.28653378825454717 -0.5605589995575504
-0.16933810999567361 0.47948612183628497
-0.28072113353596828 -0.52701489620962072

Test 64
0.24374498379455689 0.33948614069176952
-0.41171172394051059 0.40660796900624951

Test 65

Test 66
-0.38851802863950718 -0.25175190544916171

Test 67
0.058422446781979102 0.21412499912816091
-0.17716848820156361 0.41900009340359268
0.017006066402972201 -0.2434344984242697

Test 68

Test 69

Test 70
0.64607540906923566 0.24757336116235451

Test 71
-0.1917704549706736 -0.66101889664311675

Test 72

Test 73
0.14451885931302011 0.81271786318125649

Test 74

Test 75

Test 76
0.35766976075047191 -0.34794918801850949
-0.54846504899381199 -0.31108899252546113

Test 77

Test 78
0.00071494262688549999 -0.094015260782913404

Test 79

Test 80
0.038183232544206303 0.229040260533212

Test 81

Test 82
-0.28524074844170649 0.1461832074627516

Test 83

Test 84
-0.40769545212430358 0.74693784034708177
-0.40916193100392961 0.0098959692502655992
-0.41068650040302712 -0.75408942092809117

Test 85
0.68976912953503622 -0.47640488629515743
-0.028041759350598001 -0.49343618758928359
-0.6629464405974288 -0.49125385706882579

Test 86

Test 87

Test 88

Test 89
0.41835179642107101 -0.51620488847847867

Test 90

Test 91
0.55935144770934531 0.20321767467653229
-0.28156029524754539 0.19980728242426471

Test 92
-0.82726200106767833 0.32321161814821348

Test 93
0.70470430356877567 0.23888993491907451
0.65487773090781742 -0.21080836539064901
-0.63857171237515109 0.60948165316602398
-0.73023105104682218 -0.66465748995407714

Test 94

Test 95
0.60891068876103549 0.47968341472736581

Test 96
0.65984444615919846 -0.2118725956083162
0.63906722763289558 -0.40408832457580368

Test 97
-0.0593252589807182 0.32616972846719139
-0.87272480370598637 0.81267630905576416

Test 98
0.041683682702130999 -0.53364486576061265

Test 99
0.59601937755318535 0.024304147813450999

Test 100
-0.64569417694491094 0.42468137172910658
-0.75381673423160356 0.39584021800292968

