Test 1
0.88952658720353905 -0.73917895053353144
-0.96901353432932902 -0.57569253816529897

Test 2
0.87683104011742374 0.99199788129013056
-0.5883532138327261 -0.13744387781777079

Test 3

Test 4
0.062954239260628306 -0.50450203403222771

Test 5

Test 6
0.55271360417274451 -0.54252268891765842
-0.56750995412159189 -0.00089153268128660005

Test 7

Test 8
0.71074391072003129 0.93531871866956484
0.59541662197194567 0.55427058321809164

Test 9

Test 10

Test 11
0.60631602107953275 0.86205877474581638
0.95436610110425457 0.0503695101953959
0.95436610413613598 -0.0503686206470529

Test 12

Test 13
-0.96686061725744243 0.040965281368147997

Test 14
-0.20711686640845731 0.44692066060038482
-0.2061450390492327 -0.44693372695811401
-0.77441013716007945 -0.23088524416419709
-0.77438730925388366 0.23090839776611491

Test 15

Test 16
0.67761781575956026 0.20987270059054411

Test 17

Test 18

Test 19
0.93154366437695801 0.92670681797334264

Test 20
0.67030393491893381 -0.15518653029268739
-0.67034132511603772 -0.15516903408173191

Test 21

Test 22

Test 23
-0.61640719881112305 -0.92517583808163661

Test 24

Test 25
-0.89723665063545244 -0.74143729977794437

Test 26

Test 27
0.14438607788600649 -0.61373982914932912

Test 28

Test 29
0.78317677943793229 0.92220354563170515
-0.83338893457671115 -0.89662809801429744

Test 30
0.75273344523083341 0.9677434017782196
-0.97369575619154081 0.82559183137740622

Test 31
0.3188039232835157 0.72606906091396106
-0.32595946932478781 -0.71780661693719139

Test 32
0.96577957609994758 -0.84972741123079742

Test 33

Test 34
0.72212744895756453 -0.66991593147997108

Test 35

Test 36

Test 37
0.96716656067439377 -0.8874912235465594

Test 38

Test 39

Test 40

Test 41

Test 42

Test 43

Test 44

Test 45
-0.96937727884716118 0.17158483121310319
-0.97788728602981156 -0.17158519503051939

Test 46

Test 47

Test 48

Test 49
-0.8749973863537196 0.975906787931063

Test 50

Test 51

Test 52

Test 53
-0.50707186625632228 -0.931617763687975
-0.98280096573495557 -0.53277722299187069

Test 54

Test 55
-0.0244433371102298 -0.41965179905153338

Test 56
0.87280744766502538 0.59149084980917443
-0.99181964458549898 0.58697062912752451

Test 57
-0.46305519381749288 0.54057138759962331
-0.4722645766164893 -0.53745244432524841

Test 58
0.096486516851508206 -0.32024746359093959

Test 59
-0.93221554850272159 -0.70029145854803876

Test 60
-0.85346299102544387 0.55966435628319289

Test 61

Test 62
0.88181361860082152 0.87719214413189406
-0.7710453687778237 -0.92099702242020998

Test 63
-0.0029673522704972001 -0.18019352544490741

Test 64

Test 65
0.64298099545642251 -0.85572389466238075

Test 66

Test 67

Test 68

Test 69
0.87077983638025347 0.5381241145844341
0.38970712779760502 0.98944549034933804

Test 70

Test 71
0.11626559180558391 -0.13299959240924039
-0.1141586517356564 -0.18454373889018719

Test 72

Test 73

Test 74
-0.62748508628747379 0.97004152555123879
-0.57119102297530178 -0.98610090751068602

Test 75

Test 76

Test 77

Test 78

Test 79
0.57183711691874273 0.4972231872456217
-0.56631495964541045 -0.50078077919942865

Test 80

Test 81

Test 82

Test 83

Test 84
0.2668895060061855 -0.099071130623284001
-0.65741644786432085 -0.016301032788047998

Test 85
0.81077042482175377 0.39854192261939431

Test 86
-0.25510954697517829 -0.740506211270615

Test 87
-0.16774715238216581 0.84843074516772021
-0.16774708348053341 -0.84842199155327136
-0.81457220709127787 0.77318634412236298

Test 88

Test 89

Test 90
-0.68504123676712858 -0.86176669931824734

Test 91
-0.90378865069743619 0.72435276025550099

Test 92

Test 93

Test 94

Test 95

Test 96

Test 97

Test 98

Test 99

Test 100

