Test 1
0.76380293368987706 0.8507766616996284
0.070212393319409705 -0.35266306070549969
0.070715706255256805 0.35459199685108772

Test 2
0.36416203349611048 0.083262776910028605
-0.36461350740106818 0.082847382531834296
0.71001603681717207 -0.92024059213716758

Test 3
0.87764616734496725 0.44440207599866011
0.53723191664736736 -0.7775521567419551
0.29447921933187149 -0.41214757103572358

Test 4
0.63579496984448203 0.49266887430711459
0.22477931184201899 -0.64935890498564774
-0.1604046515226229 -0.84927658421857377

Test 5
0.65283135137566184 0.43964844102515038

Test 6
0.056488226220525503 -0.47343634614540481

Test 7
-0.53815064039276195 -0.19730640355298809
0.53996507000351335 -0.20823453994099911

Test 8
-0.5307696864025504 -0.0076448025037052

Test 9

Test 10
-0.84535274574674135 0.92170824596256762

Test 11
0.7018244786773763 0.8281783380894534
-0.54098639595983911 0.70679411974843687
0.97692730979404319 -0.63643963259138425

Test 12
0.74448396138152018 0.062053073076334099
-0.73369012519023269 -0.063670743678602898

Test 13

Test 14
0.55479892767426742 0.11235530707292719
0.85796069562502297 -0.13204607557708289

Test 15

Test 16
-0.29208725262734653 0.81171351295188621

Test 17
0.68867949896607239 -0.46943558314191719

Test 18
-0.41857606996975882 -0.95804592387460485

Test 19
-0.36502374677930438 -0.23190357945418291

Test 20

Test 21
-0.78240635474724751 -0.021983094441888101

Test 22

Test 23
0.69231765399113576 -0.038106178272821797
-0.0562247547358957 0.47183027382757142

Test 24
0.5767137264026112 0.4111292143774013
-0.60593539193395507 0.4497828143634035

Test 25
0.69702671128970251 0.95549311785006263
0.82258191085533439 0.076995839282758799
0.82803007136078888 -0.90505265038159044

Test 26
0.3568774198922387 0.81722269421808069
-0.069550859209043206 0.87379764809491722

Test 27

Test 28
0.87478535908862209 0.29890256126119891
0.68459008431900503 -0.32947504138499017
-0.82887912913970851 0.30578875752231421
-0.71577783935761807 -0.324718501799591

Test 29
-0.42477409933337718 0.24402051964438939

Test 30
0.49083190823732947 0.14967970199641201

Test 31
-0.099991265202820007 0.90589808163943442

Test 32
0.048123294316260501 0.5650580119536448
0.79964268222145496 -0.64552608899036945
0.0483767591030307 -0.564882787510262
-0.85944810563145491 -0.62993864830833968

Test 33
0.48439843123958282 0.054160749452069598
-0.8654893953925602 0.69429424732298084
-0.7770736802086522 0.054260922066487603

Test 34

Test 35

Test 36
0.31009490651511018 -0.40549334362276213
-0.93135769167938298 0.098415986023590696

Test 37

Test 38
-0.032894056376580397 -0.47267006193787792

Test 39
-0.39372207733071679 0.17558060036152179

Test 40
0.37129196232857897 -0.71634326889696343

Test 41
0.93421476443032081 -0.987221157907888
0.4114334385138369 -0.21076901058971589
-0.1393111222000773 0.63428574811402705

Test 42

Test 43
0.47843826106526682 -0.45049505039506332

Test 44
0.21167064757045009 0.024215334278597799
-0.1642454978123469 -0.0061487369495656996

Test 45
0.068614876889061802 -0.73001509337125892

Test 46

Test 47

Test 48

Test 49

Test 50
0.6360884485891618 0.75819946573971064
0.9913704196871288 0.18163303440783399
-0.6360884485891618 0.75819946573971064
-0.9913704196871288 0.18163303440783399

Test 51

Test 52
0.49584183306392071 -0.89694657189593374

Test 53
-0.74902416800071248 -0.2318513247613366

Test 54
-0.42408027681139909 0.035321301624701699

Test 55

Test 56

Test 57
-0.0389240258247118 0.7477327922229452
-0.051281594366439899 -0.64911295647419387

Test 58
0.46049239218752602 0.46550922670626349
-0.35575518715476673 -0.63205651347277503

Test 59
0.84192478382787372 -0.69470219472231298

Test 60
0.020853868374625901 0.35306259800417922

Test 61

Test 62

Test 63
0.31862023883660201 0.62045965797401559
0.31876921621922988 -0.61591096759717689
-0.33388417014145372 0.35642839775187007
-0.33384464819566051 -0.35478094028127177

Test 64
0.54774040571076965 0.42606349879282118
0.0040498164854839 -0.73394256207798358

Test 65

Test 66
-0.35824843501895121 0.74948411157772599

Test 67
0.93496130245680964 0.057720767637664198
0.033747405248508097 0.053883347223774497
-0.033753997207116998 0.053883348928909301

Test 68

Test 69
-0.31603975761728131 -0.58181660460622786
-0.72381724684772597 -0.57650923734856974

Test 70
-0.096345516042469201 -0.55086703427211192
-0.6160017530049624 -0.68004759196207087

Test 71
0.363642003786454 -0.1606004068000263

Test 72
0.025744050404205299 -0.28311343278424378

Test 73

Test 74

Test 75

Test 76
0.066317132298926398 0.60185882430604409

Test 77

Test 78
0.084147810599883299 -0.36013538158619213

Test 79

Test 80
0.36828173716824231 -0.74024099371653385
-0.44356383635025087 -0.82600905424426929

Test 81
0.090321738379186695 0.76272378385782935
0.82883499545186401 -0.19007551862919009
-0.88129200252871198 0.2193719171513912

Test 82
0.87385920169238851 0.080811022457206505
-0.85782220403960885 0.082508547177254796

Test 83

Test 84
0.1439426948606955 0.90752799905632875

Test 85

Test 86
0.69094891705871497 0.47461266981560513
0.76591681255459132 0.12231925116030019
-0.21175036251420509 -0.24640306287968211
0.61155496939361487 -0.57796052099719597

Test 87
-0.52899890121190241 0.067325166584668403

Test 88
-0.43931326828887618 0.81666058571754008
-0.42965135386505138 -0.66415376539420778

Test 89
0.14841055322086841 -0.027486383722223
-0.0073756547523923998 -0.039403010646804897

Test 90
-0.65709917136831775 -0.59239885619035171

Test 91
-0.66491719599895294 0.047538226842630801

Test 92

Test 93
0.74755131154108556 -0.0680199944255728
-0.74755131154108567 -0.0680199944255728

Test 94
-0.043668101980641701 0.67478860141180363

Test 95
0.72274285035097185 0.3594915895243439

Test 96

Test 97

Test 98
0.93611256478366278 -0.7544780621422007
-0.39065646729072012 0.56723499352911066

Test 99
0.74418426923240111 0.50186869911125698

Test 100
0.48252459029233558 -0.18101773382025391

