Test 1
0.86577501726545503 0.79361080804529516
-0.38575250788678489 0.91414766630387723

Test 2
0.42285186071504621 0.99409848021730718
0.55984069509965251 -0.1068578050573309
-0.5580389321542899 -0.1066300317747719
0.40158566424084913 -0.950021934988734

Test 3
0.97141160282397399 -0.0867854038439001

Test 4
-0.020470026822122098 0.82574308425702869

Test 5
0.66719768312868222 0.95498842671955642

Test 6
0.36137810242653651 0.063223295098843196
-0.3614992804719146 0.063207820628591205

Test 7

Test 8
0.060704574227066203 0.88220720357299276
-0.059533209549277197 -0.86503513950094957

Test 9
0.37466780425876878 -0.63322787127066327
-0.83502254321021063 -0.47903076640126402

Test 10

Test 11

Test 12

Test 13

Test 14

Test 15
0.21345019401312201 0.2477127220202944
0.21333847348322371 -0.24755981735994659

Test 16
0.5888368616484061 -0.049845892990002798
0.032783213774187303 -0.89074816029774895
-0.58887194779417906 0.049136592109914501

Test 17

Test 18

Test 19

Test 20
0.2352050659260595 0.48623960000897681
0.51957202983625872 0.12117023242404951
-0.28479687770098189 0.51760597230630756

Test 21
0.046638801246741898 0.0296970060522199

Test 22
-0.0273972302714783 0.4420957651342155
-0.8040038813783924 -0.97818191809726884

Test 23

Test 24

Test 25

Test 26
0.98180504946606284 0.84453185412816711

Test 27

Test 28
0.096897837307028903 0.1117443200612519
0.096890082537228403 -0.11154593489891711

Test 29
-0.61244624589947261 0.71551948418034517

Test 30
0.59952518222536488 0.5199103745343876
-0.43656722725473551 0.74102370316745714

Test 31
0.97589007909193859 0.40741311232915117
-0.79476783214589053 0.70469537340603206

Test 32
0.0063677299922647998 0.63449194920477781
0.0063675885755574996 -0.65391636101045891

Test 33

Test 34
-0.53145019937571114 -0.968049707148814
-0.85822538565734741 0.1021328483025158

Test 35

Test 36
-0.45032852771933279 -0.98884146627954439

Test 37

Test 38
0.39968162528627688 0.87626580257763875

Test 39
-0.39726127082817791 -0.66272182552859404

Test 40
-0.1664763408796075 -0.0268872428445022

Test 41
0.59145871731924704 -0.89458437915565825

Test 42
0.24675463451778401 0.082419264455899297

Test 43

Test 44
-0.61683234214429683 0.85328738492351786

Test 45
0.46452959131356109 0.1626472606130632
-0.14030225824910511 0.14942913926229809

Test 46

Test 47
0.70962275826135701 -0.67906907159496388
0.1807117774105127 -0.66144435887623121

Test 48

Test 49
0.39245292501593942 -0.047806559041510203
0.30973461590286089 -0.047800591743749898
-0.58275996622400228 -0.047756409646032498

Test 50
0.98270293357451644 0.46567966888208462

Test 51

Test 52
-0.23940519951590239 0.82500666767636188

Test 53

Test 54

Test 55
-0.62459444363948668 -0.0089914860792907995

Test 56
0.66716184471875384 0.61224723461886565
-0.41012770958246281 0.64924146215516376

Test 57
-0.13007427256296589 0.1520412937745286

Test 58
0.72064681533142261 -0.28322127789450319
-0.29125317009543289 0.55341630506522832

Test 59

Test 60

Test 61

Test 62

Test 63

Test 64
0.62093804654420848 -0.94263967578125962

Test 65
0.13458911887411701 -0.16070956273047471
0.7420889568306388 -0.085713520116525596

Test 66

Test 67
-0.47645880473898672 -0.66631813714879662

Test 68

Test 69
0.55587180791032986 -0.200607743184057
-0.5130549009958848 -0.1937622169650654

Test 70

Test 71
-0.57817734484482519 0.65716843695652494
0.92879314969754156 -0.55122850843712323

Test 72
0.25135040490472488 -0.51884030626425581

Test 73

Test 74
-0.11658618898624799 0.083596269173313698
-0.79354203706391968 -0.89159408497763415

Test 75

Test 76

Test 77
0.77548945227893307 0.68984215286438033

Test 78
-0.073217443233544802 0.72796664572622471
-0.066329325371731099 -0.61681914049440734

Test 79

Test 80
-0.085179502721928493 -0.086663462710702799

Test 81
0.83486335165442804 -0.57339248627933026
0.57318458202336453 -0.51186543419572028
-0.11565524305775469 0.81899102298826987

Test 82
0.15299825048500679 -0.26746835478181852

Test 83
0.10433711459341601 0.76566399395055396

Test 84

Test 85

Test 86
0.54520880063830723 -0.24620722479746809
-0.60540018736051471 -0.2059385243943041

Test 87

Test 88

Test 89
0.99307613349431723 -0.31908292535366239

Test 90

Test 91
0.76063023742289138 0.72274217212051117
0.1820818371572209 0.76623112595282949
-0.76263625141818625 0.62902369615944365
-0.16031022490062841 -0.78195692253959637
-0.56691605823092994 -0.21557358227024159

Test 92
-0.1037780478969817 0.36816877408539811

Test 93
0.51818182094119924 0.84043481830422706
0.77555244399665657 -0.16524263427051819
0.48596230308715699 -0.93489418598853358
0.27134375061212301 0.90527891209018485
0.5726118047352029 -0.69098622911672514
0.26669366689780172 -0.7729738362157208

Test 94

Test 95

Test 96
0.40008964933910468 0.9029423152419116

Test 97

Test 98
-0.38238226201216619 -0.1242017199260011

Test 99

Test 100
0.87491580431814531 -0.77688980958335552
-0.75845001117046151 0.83212652585292257

