Test 1
0.77116967220669319 0.62351406963278477
-0.72388098907472764 0.73175289994683346

Test 2

Test 3

Test 4

Test 5
0.96719147014682316 -0.61983131139644532

Test 6

Test 7

Test 8
0.62179083424477855 0.75749938645369597

Test 9

Test 10

Test 11
0.9377973430314076 -0.7804266635921524
0.37119640563046052 -0.85117668946525016

Test 12
0.7440519745611287 0.85602657854271913
0.87287374949735763 -0.85823919070557375

Test 13
0.97486619407658881 0.42554918497648742

Test 14
0.75098244783245582 -0.93542564809433559
-0.48590867986192721 -0.47432269394595827

Test 15

Test 16

Test 17

Test 18

Test 19
0.49912386790920349 0.7939476702875442
-0.87204357706997249 -0.68238632522427323

Test 20
-0.70704964328609277 0.60221641600984821
-0.39559753188788899 0.9355088242566908

Test 21

Test 22

Test 23

Test 24

Test 25

Test 26
-0.76329148911399625 -0.49546113803144282

Test 27
0.81830496399019426 0.81419480185159698

Test 28

Test 29

Test 30
0.22318724872794971 -0.80696461471664793
-0.22191799309732049 0.80016961670033082

Test 31

Test 32
-0.66052132103021055 -0.96245171009482278

Test 33

Test 34
0.66096402881117122 -0.59550651958223788
-0.96658182382643221 -0.29030765308228912
-0.69475664858564834 -0.56496135690783467

Test 35
0.93981361240673644 -0.33574699042650352
-0.41086253599255329 0.89072161440627895
-0.71878145420487694 0.7769439820731292
-0.40279265807504178 -0.89764576272502494

Test 36

Test 37

Test 38

Test 39

Test 40

Test 41
0.49721414297086858 -0.92422465683932498
0.70443643785412113 -0.69080683909758123
-0.75409933658360029 0.67320428933047616

Test 42

Test 43

Test 44
0.62871029983296489 0.89667437304449349

Test 45
-0.60287217860873321 0.53424053281632089
-0.61863867680423223 -0.7533466601240868

Test 46

Test 47

Test 48
-0.98600964628942978 -0.7622654742983781

Test 49

Test 50
0.73509332683214823 0.58497637219969989
-0.92470922704990599 -0.88449796386703727

Test 51
0.88714241280633299 -0.20256075032119311
-0.69507831461936476 -0.0748200519889477

Test 52

Test 53

Test 54
0.63038752118071906 0.27826287527342253
-0.59339731830712983 0.27095312734196492

Test 55
0.28881539122624272 -0.51729129710928001
-0.39507580087174432 -0.38411402795293331
-0.77554700569249502 -0.33747635502993317

Test 56

Test 57
0.87051180407384166 0.95212812560516003
0.38229356468885639 0.95389928729099815

Test 58

Test 59

Test 60

Test 61
0.38169518826710153 -0.96748995454129016

Test 62

Test 63
-0.28433216619531981 0.50231385781560989

Test 64

Test 65
0.97030983264395476 0.38795025472394379
0.68475922814291701 0.66225876972436526

Test 66
0.096981386173419407 -0.52674690257053558

Test 67
-0.101533657311109 -0.34461322615155759

Test 68

Test 69

Test 70

Test 71

Test 72

Test 73

Test 74
0.63660601633513014 0.86406245620269118

Test 75

Test 76

Test 77

Test 78
-0.31557942509540438 0.90229496886523963

Test 79
-0.040610204748459 0.26859127243977432

Test 80

Test 81
-0.77344784222834395 -0.6106794463247448

Test 82
-0.83810843627443499 0.87630369020115251

Test 83
0.77861859280892387 -0.87399333766193488
0.47854247375823289 -0.71517775283878526
-0.33469129579586859 -0.68513651106724838

Test 84
-0.93918657153165919 -0.78839923191754835

Test 85

Test 86
-0.92483440129777683 -0.41330376911921601

Test 87
0.58562662982585512 0.43598397664678668
0.54975407486786076 -0.52670230071002599

Test 88
-0.074307376441837505 -0.1633453956756302

Test 89

Test 90
-0.089062668594452304 -0.088150002266319097
-0.98707983914568243 -0.94457055101024601

Test 91
0.84605473010313859 0.5990057696508494
0.080872146914811496 0.57118369200344554

Test 92
0.86937050148516115 0.61587086876915098

Test 93

Test 94

Test 95
-0.59934782830901223 0.91991497579505799

Test 96

Test 97

Test 98

Test 99
-0.59405484411237808 -0.32524924408754979

Test 100
0.58126157329985439 0.72057259992309275
0.78978818772293524 -0.32533641457700407

