Test 1
0.1133538626027655 0.025595578169974299

Test 2
-0.10911295279825051 0.0125919547264131

Test 3
0.28595354771923059 0.38760613778230951
0.30164437680687323 -0.4089440546834584

Test 4
-0.060542164214114701 -0.29853347535692082

Test 5
-0.049563227245447802 0.043896441130796403

Test 6
-0.23965513181958339 0.7102166572716222
-0.1242599441630306 -0.57818975549701834

Test 7
-0.034466180172428203 -0.073978965248249498

Test 8
0.024640612639304098 0.45273543277815109

Test 9
-0.2019980754867288 -0.56725309189736772

Test 10
0.38065418540537238 -0.24661894495007949

Test 11

Test 12
0.038872722472597501 -0.053210648506360002

Test 13
0.30197938602999752 0.7755116111379865
0.30197938602999752 -0.7755116111379865
-0.023509208992034 0.14150481495652531
-0.023509208992034 -0.14150481495652531

Test 14
-0.77254840252946577 0.026041203815963702

Test 15

Test 16
-0.31071437873901547 -0.63622217853638474

Test 17
0.40694185774909408 0.32966093987863432
-0.3092185903965386 -0.61040148512507353

Test 18
0.61813082093433791 0.1222327863080456

Test 19
0.10571338449433269 0.18963618637645871
-0.6797745862559651 0.14611285451740089
-0.122628479932127 -0.16577091212513689

Test 20
-0.28451260627424291 -0.14893588841747449
-0.81700210780939775 -0.12198151803274671

Test 21
-0.055132205380521097 -0.024017913968613601

Test 22

Test 23

Test 24
0.64125909208840959 0.45697471053693722

Test 25

Test 26
-0.96682967395102803 0.2179099197890467
-0.93630765027374663 -0.39288636302084851

Test 27
0.18845586403065551 -0.050223024526222598

Test 28

Test 29
-0.18891990956776669 0.82673887814268632

Test 30
0.24244913735044121 0.85652753325757092

Test 31

Test 32
-0.096231580077351594 -0.044258202017341597

Test 33
-0.056694899731865499 -0.38547869534861068
-0.0161244285515704 -0.96855188463198161

Test 34
-0.39649717223523379 -0.1112259552612182

Test 35
0.012190795360784001 -0.069365773327750097

Test 36
0.63485412076936187 -0.014780834005705099
-0.60085678790990094 -0.015081559928201701

Test 37
0.048351578768186597 -0.082363484422460706

Test 38

Test 39
0.14010374113009619 -0.21052888829142591
-0.80236880222891638 0.67162506290428936

Test 40
0.0134714704203343 -0.47164597189433127
-0.1097217933013916 0.013523840229188301

Test 41
-0.17392878740933479 0.056875982560967299

Test 42
0.34894351028484583 0.18502991232129859
-0.35510060443679858 0.26180872430693258

Test 43
0.035495101963865697 0.80900337360631314
-0.87999204448200008 -0.053756809509050998

Test 44
0.82359009581371767 0.54034221144376737

Test 45

Test 46

Test 47
0.41376526882489489 0.38078567425129911
-0.28794713407294492 0.89032477698895418

Test 48

Test 49
-0.27342803013269801 -0.39070558623141982

Test 50
-0.24525178713002679 -0.75028308641689889

Test 51

Test 52

Test 53
-0.1207449098771855 0.73836554709542213

Test 54
0.014973779763202801 0.067036105588870507

Test 55
-0.50229103800800556 0.98651597136782521
-0.42799906805912058 -0.25998026804137359

Test 56
-0.0044393334876971996 -0.081073312033663594

Test 57
-0.53442764807947396 -0.48877017346356211

Test 58

Test 59
0.41309431542471509 0.0063889358518459003

Test 60
-0.85027211870729236 -0.4540532967901636

Test 61
-0.28168070171665388 0.22021632062088869
-0.2241668452144007 -0.66562796739856811

Test 62
0.21596635045010429 0.73631582110389193

Test 63
0.13302126327487571 -0.45048630291569253
0.070940474072848994 -0.85819303470632413

Test 64
0.43041135941341779 0.52397732231364103
-0.4304113594134179 0.52397732231364103

Test 65
-0.90291681512468003 -0.51247024908175465

Test 66
0.95661624548845758 0.1410848158082271

Test 67

Test 68
0.059221408501439303 -0.038317422558545901

Test 69
0.63113277431130088 0.090982238434548904
-0.61881909496868159 -0.078390141668548199

Test 70
0.19058672928135939 0.1548197072184572

Test 71
0.032662731370712801 -0.37181616457395528

Test 72

Test 73
0.085598195381607095 0.36068574869742581
0.096134568411639601 -0.37826628560084158
-0.86823118800388355 0.985915667606588

Test 74
0.053674145474276597 -0.80638379977290808

Test 75

Test 76

Test 77
0.0069916853313751999 -0.060974716504079499

Test 78
0.092517043598851004 0.18178891406209649

Test 79
-0.52758429112677374 0.61102316407382518
-0.34152394792665403 -0.43494018615344232

Test 80
-0.084004314547660594 0.63909264231539897

Test 81
0.39857001436693351 -0.82548443487055323
-0.1212085988633451 -0.47697424029630747

Test 82
0.56240941298832781 -0.54613429486044429
-0.1117974852266273 0.056045777954425703
-0.50429149756513381 0.40619986711595951

Test 83

Test 84

Test 85

Test 86
-0.0306586837470844 -0.12632639757142419
-0.032711453037920897 0.81551373451221332

Test 87

Test 88
0.21104370221025939 -0.088378065462506594

Test 89
0.76830010538099969 0.86046491653367618
0.16327745974768179 0.16725975865501111

Test 90
-0.1449549029799469 -0.053551921686658698
0.15066063327726409 -0.055533184759720598

Test 91

Test 92

Test 93
0.71972874290718358 -0.21104967751637849
0.25982391695850521 -0.039271853143034399

Test 94
0.55797643278056963 0.47951639503531818
-0.3200706743608972 0.4144589144713568
-0.496901694886065 0.37314561489975179

Test 95
-0.39489575007618538 0.57605557799376161
-0.57806668981749743 -0.16907747952906441

Test 96

Test 97

Test 98

Test 99
-0.25550512715822171 -0.16680594769891641

Test 100

