Test 1

Test 2

Test 3
0.72776154836164186 -0.77232205502834228
-0.68474376675261694 0.89546766756044405

Test 4

Test 5
-0.75092679313872446 -0.56820436481171166

Test 6

Test 7

Test 8

Test 9

Test 10
-0.71846769005239175 -0.75274971372566524

Test 11

Test 12

Test 13
0.48869618023990208 0.56676185813840851
-0.49188588967220248 0.56719217830916824

Test 14
0.49218849706394768 -0.35437708295866099
-0.49218849706394768 0.35437708295866099

Test 15

Test 16
0.65179707452069269 0.31164525890379241

Test 17
-0.0056464462361463996 0.5077878045760269
-0.0056464564618706999 -0.50778734475205245

Test 18
0.092804834216961299 -0.2383973092984816
-0.092517847594105404 0.23845117191530729

Test 19

Test 20
0.52192976276938496 0.90504879597514565

Test 21
0.81664735906068253 0.85479745632760484
0.42973243824890978 0.85102661680256408
-0.81664735906068264 -0.85479745632760484
-0.42973243824890972 -0.85102661680256397

Test 22

Test 23
-0.71421523449290436 -0.65615302522755348
-0.99456957368230803 -0.96348066835472779

Test 24
-0.77758104427102304 -0.56131111881491758
-0.73314550056382444 0.47628041809433869

Test 25
0.64832382266524879 0.82006797714220447

Test 26

Test 27

Test 28

Test 29
0.73246148589794158 0.84667123890887808
0.95914245453660441 -0.67141429581536982
-0.50950310714812941 -0.89175752610781178
0.388107297439654 0.966126348137754
-0.12756387294737689 0.72798832908059175

Test 30

Test 31

Test 32
-0.36788871065884959 0.75845574703481811

Test 33

Test 34

Test 35

Test 36

Test 37

Test 38

Test 39

Test 40

Test 41
-0.72014246933593362 0.80429966649803764
0.73210951906746768 -0.68819361606057605

Test 42

Test 43
-0.088101140753325397 0.41119664015999402
-0.4008755290058591 -0.75830402597926527
-0.088488901572172901 -0.41182969584962797
-0.70186108277180648 0.92185349085153723

Test 44

Test 45

Test 46

Test 47
0.91884939832509116 0.22984536029682129
-0.84259975581082003 -0.0168774942546367
0.84260278909901132 -0.0169319455532175

Test 48

Test 49
-0.67244219197184052 0.1972071428200215
-0.61730854087792275 -0.20593905103567581

Test 50

Test 51

Test 52

Test 53
-0.74662616553932937 -0.91564899503544961

Test 54

Test 55
0.82289729931061673 -0.85711905758111362
-0.77084163227647784 -0.74097034839570874

Test 56
0.67770671766613166 -0.37811622452221122

Test 57
-0.083960123776644496 -0.93689744679520437
-0.71203149659023834 0.32843534071572889

Test 58
-0.83235317930729602 0.89453225728209318
0.0176940704261099 -0.79658491863425407
-0.76919107758480343 0.016142994832694699

Test 59
0.9661846704635576 -0.73509900345916945
-0.70881541856357477 -0.6455284669349628

Test 60

Test 61
0.37390819635127648 -0.6271729260924509
-0.37434235857481502 -0.62717772006172934

Test 62
-0.48431114787497509 0.93322397615433361
-0.9895620377373866 -0.93903165291052737

Test 63
0.93171523951602397 -0.95651167705266482
0.35462965967864618 -0.88525474246868119
-0.34829405436651278 0.78748882098951711

Test 64

Test 65
0.10260189726474089 -0.56182511434600624
-0.10258881471386 -0.56183155529533413

Test 66

Test 67

Test 68
-0.65636175041023226 0.83842211983476778

Test 69
0.69649286497537366 -0.52986094479693091
-0.69141246478542906 -0.51263013899608656

Test 70

Test 71

Test 72

Test 73

Test 74
0.62487940749294735 0.54560611829822692

Test 75
-0.61046927298693043 0.93596637991766762

Test 76
-0.34026941670522931 -0.18193131911744309

Test 77
0.51671531324487741 0.7312532572111673

Test 78

Test 79
0.5656178662035104 0.81144331663692049

Test 80
-0.60641096532590233 0.33770987555461468

Test 81
0.37726082916308412 0.60451868975452605
0.3420677127391078 -0.64268843929965958

Test 82

Test 83
-0.099755667963511097 0.054740931828733602

Test 84

Test 85

Test 86
0.9305602135615848 0.86796788546550596
-0.87971750730522214 -0.34299921364476238

Test 87

Test 88
0.96446949810209737 -0.91741003118416098

Test 89
-0.19941518531857819 0.1125181878128218
-0.98964925672404724 0.86712220848988741

Test 90

Test 91
0.70984583918992084 -0.26163679701331027

Test 92
-0.31022054339538607 0.97282822799741875

Test 93
0.18147783912330881 -0.48022809385970833
-0.18095575850386331 0.47862930808672333

Test 94
-0.36618178625942571 -0.97632073462764701

Test 95

Test 96

Test 97
0.33734570615401199 -0.2003982087034884
-0.2508985738866622 -0.20050576490154709

Test 98

Test 99

Test 100
0.28956373000270202 0.9217643871346044
0.26772343033509238 -0.096736282844656907
-0.26760518354158808 -0.12459852417436799

