Test 1

Test 2

Test 3
-0.078862829018236894 0.031430263127300302

Test 4
0.063783479129067303 0.098247926784419001

Test 5
-0.0397005239610463 0.39537768838064719
-0.79905970455681863 -0.67797471148688937

Test 6
0.46056668801304718 0.50933390290377156
-0.037746559171070698 -0.22325776694339941

Test 7
-0.047876894514084299 0.15867866809686301

Test 8
0.043294877232908202 0.9974304748280568
0.058034072256846897 -0.94222440526743978

Test 9
-0.1336831992570984 0.093230474117637005

Test 10
-0.16285300614959611 0.099194313921588395

Test 11
-0.025222971948156599 0.38927574812246918

Test 12

Test 13
0.1148180938018305 0.16195334924540089

Test 14

Test 15

Test 16
0.072476858281737194 0.1031878240093425
0.1908782536860926 -0.053654613550683003

Test 17
0.1930299909650032 0.0096684665311878998
-0.1897286142531987 0.0104876225593465

Test 18

Test 19

Test 20
-0.35397826761818929 0.75694360165312724
0.020128299799431398 0.0047225960760375997

Test 21
-0.068879618888184793 -0.013466979507607

Test 22
0.084587831787052994 -0.097184125230870597

Test 23

Test 24
-0.0907511657122273 0.15104457504395821

Test 25
-0.14328444234810761 -0.2999346205484118
-0.61089666697650014 -0.57150740844598658

Test 26
-0.27409259446188722 0.073590803623796094

Test 27
0.0060793752234385001 0.039973123211888999

Test 28
-0.0448315820214302 0.19217836953264411

Test 29
0.29500164795308231 0.1307829856007976
0.88191562172950433 -0.2536040330196509
-0.1735895353663251 -0.22092929554088669

Test 30
0.12439664175868829 -0.055167964974507197

Test 31

Test 32
-0.3960682519763305 0.83258988417260471
-0.34559409387369572 0.6194250950912823
-0.0012169108683660001 -0.28763082574864079

Test 33
0.13483968777064159 0.2524405373018489
-0.19107066991892599 0.28364421233395393

Test 34
-0.27239837260230082 0.13594488853492351

Test 35
0.093582014742756001 0.099250169211146003

Test 36

Test 37
0.067872108457467301 -0.0329509188925372
-0.38530577414513512 0.2192125255439418

Test 38

Test 39

Test 40

Test 41
0.087988780448762696 0.0029024910680829998

Test 42

Test 43
0.057259516768132797 0.0232914017667608

Test 44
0.24622472705715029 -0.13826519287624009
-0.40350560940415292 -0.43449415952062498

Test 45

Test 46
0.60886577550108467 0.61995579579982218
0.063742809477435297 0.15895140505633801

Test 47
0.69604042974163238 0.47578424353942161
-0.084641180597257504 -0.012957226241488101

Test 48

Test 49
0.25387378782718562 0.51689153132417298
-0.0860853328011012 -0.4054527476499295

Test 50

Test 51

Test 52
-0.035651220028873602 -0.055853016629065097

Test 53
-0.060235916018742702 -0.058081971688406897

Test 54
-0.1207532754797067 -0.014833445275146601
-0.80688604767291994 -0.33610377561072202

Test 55
-0.15796104265006999 0.076189394453938394
-0.1709416329794915 0.12757998469240631

Test 56
0.30436890385633142 0.31781960327801217

Test 57
-0.068435790692553497 0.021708510055461799

Test 58
-0.15058603725191519 0.10768143557867681

Test 59
0.035449045489678498 -0.15467483018457859

Test 60

Test 61
0.109493896410497 0.24545154547976941
-0.1064584653872028 -0.34576911820793771

Test 62
0.29202312625988841 0.072150953193982403

Test 63
0.063806787395892503 0.0033388019496331002
-0.34116980090783489 -0.1339638421110079

Test 64
-0.0111756319328762 -0.1189205105686954

Test 65
0.030875888274544499 0.52052311225827275
0.17220529115836219 -0.71138642580107114
-0.13159130853265391 -0.0176301184608001

Test 66

Test 67

Test 68
-0.081112585609444607 0.18944948339267781

Test 69
-0.14288221863612069 -0.039247440853513997

Test 70
-0.23149459457527449 0.1557876675746907

Test 71
0.072625322700899803 0.18431286932312749

Test 72

Test 73
-0.1036756507426167 -0.017076095829180099
-0.96739095446324797 -0.65880244290657541

Test 74
0.38080502071970029 0.1575170870251969
-0.42049653949193028 0.51672884739985825

Test 75
0.27413114161665619 0.042810307304225401

Test 76
0.29540969980322562 0.38465907935582672
0.068394631440059694 0.052520187064046597
-0.1334786121231023 0.32368725114837321
-0.04970845579291 0.055168729097242297

Test 77
0.42181138182643541 -0.029051656384335201
-0.54127079214187057 -0.18642975610057561

Test 78
0.31911390468183692 0.40793574050066322

Test 79
-0.14143560952335221 -0.14101169998095109

Test 80
0.27329024844193328 0.86742427854609672
0.13444065990537901 0.49683250868450879
0.10817136401175299 0.28504769275572112

Test 81
-0.35458297974722458 0.98691001175640158
0.0069919653514686998 -0.21045123995813619

Test 82
0.072740293174274898 0.31082145916994519

Test 83

Test 84
-0.96278980358790522 0.55332616748939789

Test 85
0.13722593731009999 0.29234457006433878
-0.2214143118773742 -0.82718312250150694

Test 86
-0.0252407953387489 0.0028826491849147
-0.83821297727557931 -0.23630855783354809

Test 87

Test 88
0.75573512082844496 -0.52230898214707855
0.027026031119725201 0.027960942289836001

Test 89

Test 90
-0.20989249741715871 -0.094043251878961398

Test 91
-0.0249667674671421 -0.038782356919047703

Test 92
0.058601110935502798 0.21052953105030081
-0.058601110935502201 -0.21052953105030089

Test 93
0.086015486596712806 -0.021500258145537899

Test 94
0.56247656589385542 0.074972447809336901
0.018549663337961 -0.065593748253398407

Test 95
-0.1092969982985604 0.0151454108180929

Test 96

Test 97
0.14911625247413879 0.084881081755380297

Test 98
0.27658674283419571 0.2372164196860117
0.20259261063359399 -0.26439454849940941
-0.40506858248459748 0.32825974642322547
-0.60036121217999161 -0.30309065117311867

Test 99
-0.016259243623270199 0.0491686115890436

Test 100
0.087582133139727306 0.058779795073041097

