Test 1
0.30493258673055212 0.75313338154589915
0.1522941204451389 -0.63651060068099674

Test 2
0.13049064667617069 -0.69477112985648204

Test 3
0.68067591171608965 0.24241532862069051

Test 4
-0.37508878546120028 -0.72823441593362004

Test 5

Test 6
0.46414427288107762 0.36166464383781138
-0.46383030947009068 0.36860297547664961

Test 7

Test 8

Test 9

Test 10

Test 11

Test 12

Test 13

Test 14
0.78492036827838807 0.3429071712275984
-0.7959417099003121 0.85054934022864137
-0.78254273428927812 0.35645977937774209

Test 15

Test 16
-0.94538877787397479 -0.72666240845724972

Test 17
0.054249479970523998 0.34017322996409288

Test 18
0.61914691390446919 0.86987501529187139
0.67537776353347556 0.32681992336587851
-0.52480718057123321 0.76626374455132251

Test 19
-0.39560773142559208 0.13403367373131669

Test 20

Test 21

Test 22
0.62767181053983534 -0.1023159635377205

Test 23
0.70724058008300672 -0.50483756823599624
-0.075846913048004894 0.74792534485453599

Test 24

Test 25

Test 26

Test 27

Test 28

Test 29

Test 30
0.26596582996300522 0.0570973726241066

Test 31
0.57261250135236108 0.78232358367726906
0.65598013833621827 0.039833122470812901
-0.65598514482873926 0.039832514278656597

Test 32
0.67341355142106729 -0.0747905436685634
0.5272338409510553 -0.13230912710133891
-0.46619038008892361 -0.18280644424048251
-0.77967023648302569 -0.054288319506504701

Test 33
0.26887506514820803 -0.5471379693078583

Test 34
0.82120684664237442 -0.9295907933692622
0.0058341393142782999 0.084939947041724598

Test 35

Test 36

Test 37
-0.0172655645497857 -0.070697165573443105

Test 38
-0.99377499037546158 0.8926538787425059

Test 39
0.38801676236279808 0.94328473242806676

Test 40
0.61140924353654691 -0.47498722588649012
-0.54960208739309102 0.40662397471606743

Test 41
-0.14196700929473191 -0.98108759893125996

Test 42
0.76655681829681444 -0.87147325014579069
-0.81597562392384071 0.69273542353084361

Test 43

Test 44

Test 45

Test 46
-0.83454280568908867 0.032099223377018801

Test 47
0.95444265529529382 -0.71744895797068076

Test 48
-0.22828916977273811 0.75805587714802558
-0.1924128183051293 -0.81305485651008924

Test 49
0.96201929622846161 -0.47222926470788651

Test 50
0.92477182946654801 -0.099036670385697606
0.052492965019483702 -0.094179099528409693

Test 51
-0.32791301174634779 0.9584315533054456
-0.74195438028564442 0.2772898556557441

Test 52
0.053840901289559102 -0.036766718848629698
-0.053840687090224798 -0.037297941869439001

Test 53
0.13579588381080801 0.83429027825245594
0.13525694775755751 -0.83429922252224187

Test 54

Test 55

Test 56
-0.46976657758017942 -0.1221145121432098
-0.83959784817046512 -0.62270463303140799

Test 57

Test 58
0.92793096391432162 0.73256206222295439
-0.86415140121219902 -0.61809357355930306
-0.63079702508849711 -0.34577690857036603

Test 59
-0.20242881033091201 -0.52730404442951706
-0.43044829618043662 0.1563969727585571

Test 60
-0.8982701202701816 -0.61684613856097603

Test 61
0.78712728583779867 -0.34663463319355459
-0.71705785482936191 -0.27173517435242572

Test 62
0.73602715069307789 0.27935996245295702

Test 63
-0.057995990747236999 0.31207580228631587

Test 64
-0.50644423559512863 -0.60518595366535588

Test 65

Test 66

Test 67
0.71650409515481062 0.43113555172436507

Test 68
-0.85362280582937344 0.81159875282603322
-0.86890091161172278 -0.79773934943451974

Test 69
0.857525709770528 -0.40025843755817891
0.29003533866500031 -0.99024757430207799

Test 70
-0.66164407566061367 -0.45616940724403082

Test 71

Test 72
-0.98374210324480116 0.55829179408026308

Test 73
0.98732173744768637 0.61072528256956815
0.5773293343127589 -0.3155206882073241
0.40305058864700288 -0.47611792101350181
-0.37627257209933113 0.53091164548059799

Test 74
-0.44613211464799402 -0.33670263057932043

Test 75

Test 76
0.67610749985391771 -0.35337094850779771
-0.266368360556129 0.43738970273122801

Test 77
0.79417546611159506 0.44283403065434318

Test 78
-0.7321260143168371 -0.0016410634217787999

Test 79

Test 80
0.41150501145412821 0.89866709102310727
-0.612245481590319 0.58276462224112446

Test 81
-0.24510847419078749 -0.11261773541017329

Test 82
-0.36198013828262798 0.5359770154425203

Test 83
0.70835968878498323 -0.0108539260017824

Test 84

Test 85

Test 86
-0.2435999261275977 -0.030374829493260001

Test 87
-0.060331395228123003 0.85239513924217769
-0.062876450519912794 -0.77847153096457322

Test 88

Test 89

Test 90
-0.45837608798474172 0.80278747360039604

Test 91

Test 92
0.6608210736462492 0.60594451439990971
0.61214686332151791 0.68216947420961938

Test 93

Test 94
-0.58490932352980685 -0.85502333576131595

Test 95

Test 96
0.17285389239303259 0.1309198506509244

Test 97

Test 98

Test 99

Test 100
-0.64547197312184335 -0.68061442384272175

