4.324686462620682542e-14
6.050827334907788076e-14
5.696859402502796581e-14
2.942975889400837718e-13
3.739399528683286360e-13
3.683269528344633766e-13
1.341403132043546420e-13
1.685043597048921200e-13
2.180975163669289869e-13
1.427048374757889661e-13
4.943756821307028845e-13
9.663653696836494236e-13
4.110999399712348961e-13
4.082347149449763171e-13
6.386599479098551465e-14
2.814616166114039118e-13
1.676683524822180499e-13
4.895292490097913041e-13
6.171206834238487133e-14
1.715264555454496718e-13
2.234309060303664890e-14
4.650466866899785675e-13
2.573646590980915860e-13
1.582400482587843752e-14
1.353697411976976585e-12
6.592189321922157238e-14
1.580048861401769473e-13
3.041820843872975605e-13
1.211819232742501751e-12
