===== RESULTS FOR dim=5, deg=2, nonzero=3, Bertini v1.6 =====

===== TEST 1 =====
0                                                



===== TEST 2 =====
1                                                

-5.665497665445927e-01 6.938893903907228e-18
-1.504205173616181e-01 1.734723475976807e-18
-8.711202785820449e-02 1.734723475976807e-18
-2.419621540800928e-01 -6.938893903907228e-18
1.866731657461848e-01 -3.469446951953614e-18



===== TEST 3 =====
2                                                

1.911951767118875e-01 5.551115123125783e-17
4.266381567746073e-01 1.665334536937735e-16
3.460354636224646e-01 5.551115123125783e-17
-4.112603459501747e-01 -1.665334536937735e-16
2.935189050124721e-01 8.326672684688674e-17

3.405834487744101e-01 -9.714451465470120e-17
6.672800889345933e-01 -1.387778780781446e-16
5.681907247142396e-01 -1.110223024625157e-16
-8.846209049048286e-01 1.665334536937735e-16
6.403452655331076e-01 -1.387778780781446e-16



===== TEST 4 =====
0                                                



===== TEST 5 =====
0                                                



===== TEST 6 =====
1                                                

4.186554403939619e-01 1.665334536937735e-16
-6.260897362294169e-01 -1.498801083243961e-15
6.946291815366010e-02 2.012279232133096e-16
1.321116318417909e-01 4.440892098500626e-16
6.848864073166365e-01 2.775557561562891e-16



===== TEST 7 =====
0                                                



===== TEST 8 =====
0                                                



===== TEST 9 =====
0                                                



===== TEST 10 =====
0                                                



===== TEST 11 =====
2                                                

1.613887927519004e-02 -2.168404344971009e-18
3.002344697642286e-01 3.261280134836397e-16
-2.610835192495183e-02 -3.707971429900425e-17
-1.544126424557178e-01 4.562322741819003e-16
-1.825864277844465e-01 -6.245004513516506e-17

6.646179595461496e-03 -8.673617379884035e-19
-2.918907619788839e-01 -6.938893903907228e-17
-2.629815363330885e-02 -1.734723475976807e-18
-1.524648284583102e-01 -2.081668171172169e-17
-1.820559803611266e-01 -2.775557561562891e-17



===== TEST 12 =====
0                                                



===== TEST 13 =====
5                                                

-3.966636490149797e-02 -8.673617379884035e-19
-7.157629421560417e-02 3.642919299551295e-17
-1.246635594218263e-01 -3.122502256758253e-17
2.828650038693726e-01 -9.020562075079397e-17
-8.869254308336163e-01 2.081668171172169e-16

5.768987443484178e-02 -4.753142324176451e-16
-5.607465792488786e-01 4.163336342344337e-16
2.121419713126471e-01 -2.220446049250313e-16
3.309641892192045e-01 -9.159339953157541e-16
7.011843937468154e-01 1.110223024625157e-16

-2.523586141191124e-01 -5.551115123125783e-17
-7.605328121739323e-01 -5.551115123125783e-17
1.771855259246508e-01 0.000000000000000e+00
-1.098716707557255e-01 1.387778780781446e-17
1.644719780093749e-01 -2.775557561562891e-17

2.773190129663695e-02 -4.336808689942018e-18
3.362637170601206e-02 -1.734723475976807e-17
-2.085943393867881e-01 6.938893903907228e-18
2.154555833935408e-02 7.806255641895632e-18
-6.651797342103138e-01 5.551115123125783e-17

-5.129995651794172e-02 -6.938893903907228e-18
-4.564348168648590e-01 -5.551115123125783e-17
1.278864942995471e-01 6.938893903907228e-18
1.511568520368216e-03 -2.081668171172169e-17
8.475560950560620e-01 1.665334536937735e-16



===== TEST 14 =====
2                                                

-2.978104595916383e-01 0.000000000000000e+00
2.771496396900312e-02 0.000000000000000e+00
-2.833790154701286e-01 2.775557561562891e-17
-1.101861875020495e-01 0.000000000000000e+00
1.606567247365924e-01 -8.326672684688674e-17

-2.651703194309120e-01 2.359223927328458e-16
2.097246790467995e-02 3.469446951953614e-18
-7.147536754827537e-01 6.661338147750939e-16
-1.012879427202095e-01 2.775557561562891e-17
8.766510382902841e-01 -1.221245327087672e-15



===== TEST 15 =====
0                                                



===== TEST 16 =====
1                                                

-4.050916963071336e-01 -8.326672684688674e-17
-8.318989434585001e-01 -2.220446049250313e-16
-4.176796106933133e-02 -3.469446951953614e-18
3.608106895669104e-01 8.326672684688674e-17
8.565613943424782e-01 0.000000000000000e+00



===== TEST 17 =====
0                                                



===== TEST 18 =====
0                                                



===== TEST 19 =====
0                                                



===== TEST 20 =====
0                                                



===== TEST 21 =====
1                                                

1.173991210892145e-01 6.938893903907228e-18
-5.346341378985191e-01 -8.326672684688674e-17
-1.532069806646007e-01 2.081668171172169e-17
7.029610172396160e-02 0.000000000000000e+00
1.152412353863644e-01 0.000000000000000e+00



===== TEST 22 =====
3                                                

-6.006484221184060e-01 -8.326672684688674e-17
-6.505414824144532e-01 1.110223024625157e-16
-6.896787210293231e-01 -3.330669073875470e-16
-4.973340500365940e-01 -1.110223024625157e-16
1.401070163696665e-01 6.938893903907228e-16

-1.508841146644315e-01 3.469446951953614e-18
-6.474669096804703e-01 4.163336342344337e-17
-8.433592450464998e-02 -6.938893903907228e-18
-1.986366311632972e-01 -3.469446951953614e-18
-1.227054893251143e-01 -1.734723475976807e-18

-6.673463568079702e-01 1.387778780781446e-16
-6.718154985330455e-01 -2.775557561562891e-17
-8.248109755866811e-01 5.828670879282072e-16
-5.495552888582185e-01 1.942890293094024e-16
4.121015555232053e-01 -1.040834085586084e-15



===== TEST 23 =====
0                                                



===== TEST 24 =====
3                                                

-6.140781412593022e-02 -4.510281037539698e-17
3.304952146574553e-01 1.804112415015879e-16
8.142024590637710e-01 -4.718447854656915e-16
2.790415243019526e-01 9.714451465470120e-17
2.534162863818023e-02 7.806255641895632e-17

-9.627969463060211e-02 0.000000000000000e+00
-2.672199953715578e-01 3.469446951953614e-18
9.253948391877058e-01 2.775557561562891e-17
-2.433386731796934e-01 3.469446951953614e-18
6.605761849795238e-01 -4.163336342344337e-17

-1.050944898135795e-01 6.938893903907228e-18
-4.889826139432663e-01 0.000000000000000e+00
8.833214730531664e-01 5.551115123125783e-17
-4.132767591911047e-01 -2.775557561562891e-17
-2.948140910712920e-01 -5.551115123125783e-17



===== TEST 25 =====
0                                                



===== TEST 26 =====
0                                                



===== TEST 27 =====
0                                                



===== TEST 28 =====
0                                                



===== TEST 29 =====
2                                                

-1.784453497556893e-02 4.336808689942018e-18
4.165451717328630e-02 3.816391647148976e-17
-3.943714748553820e-01 0.000000000000000e+00
1.022383242730685e-01 -6.938893903907228e-18
-1.968626734511930e-02 4.163336342344337e-17

-8.948934640910190e-02 -2.081668171172169e-17
-6.062910784388820e-01 -5.551115123125783e-17
1.399561641919879e-01 -1.387778780781446e-17
-8.126083173710620e-02 6.938893903907228e-18
9.067841797646361e-01 -5.551115123125783e-17



===== TEST 30 =====
0                                                



===== TEST 31 =====
0                                                



===== TEST 32 =====
4                                                

3.490036599502734e-02 0.000000000000000e+00
8.313520496318558e-01 4.996003610813204e-16
6.836152192939091e-01 0.000000000000000e+00
2.265691047067158e-01 -2.775557561562891e-17
1.857949639384118e-01 1.387778780781446e-17

3.492982430335996e-02 3.469446951953614e-18
8.672590188182971e-01 0.000000000000000e+00
6.764026723433352e-01 -5.551115123125783e-17
-2.218099330849565e-01 5.551115123125783e-17
1.880113040519442e-01 1.387778780781446e-17

4.972251878413547e-02 -5.984795992119984e-17
-8.913102449155047e-02 4.978656376053436e-16
2.767721782868948e-01 -5.551115123125783e-17
3.364009040251393e-01 4.163336342344337e-16
1.400163515836329e-01 -1.734723475976807e-17

5.089418278774258e-02 5.551115123125783e-17
-5.514654147234579e-02 2.255140518769849e-16
2.415159292671393e-01 7.008282842946301e-16
-3.330032314363944e-01 -1.387778780781446e-16
1.437200944310207e-01 4.857225732735060e-17



===== TEST 33 =====
1                                                

5.511029365887250e-01 -5.551115123125783e-17
2.659636409262798e-02 8.673617379884035e-18
-6.692494930555118e-01 0.000000000000000e+00
3.505883726336286e-01 0.000000000000000e+00
-1.767757210717888e-01 1.387778780781446e-17



===== TEST 34 =====
0                                                



===== TEST 35 =====
2                                                

7.339265339135386e-01 -2.775557561562891e-16
6.514182431463750e-02 -2.428612866367530e-17
-1.145136246421800e-01 4.163336342344337e-17
3.721746365720767e-01 -1.665334536937735e-16
2.119399624659084e-01 -2.775557561562891e-17

3.801255420886210e-01 4.163336342344337e-17
5.971344388475713e-02 1.040834085586084e-17
-2.265339400231521e-01 -2.775557561562891e-17
8.903989812853111e-02 5.551115123125783e-17
5.927339302474789e-01 2.775557561562891e-17



===== TEST 36 =====
0                                                



===== TEST 37 =====
0                                                



===== TEST 38 =====
0                                                



===== TEST 39 =====
0                                                



===== TEST 40 =====
3                                                

3.167786181558431e-01 -1.387778780781446e-17
-2.855999117807047e-02 1.734723475976807e-18
-1.961243270794992e-02 -2.602085213965211e-17
-6.220111909370002e-01 2.775557561562891e-17
3.313626691657255e-01 -2.775557561562891e-17

4.252245200977117e-01 -8.326672684688674e-17
-2.589831337186577e-02 6.591949208711867e-17
-6.726078847466160e-02 9.714451465470120e-17
7.858312207886156e-01 -1.665334536937735e-16
2.407267751881262e-01 -4.163336342344337e-17

2.082353129730064e-01 -6.938893903907228e-18
6.399605652692298e-01 0.000000000000000e+00
2.779997682167576e-01 2.775557561562891e-17
5.744147963301011e-01 0.000000000000000e+00
-4.572629578531448e-01 -6.938893903907228e-17



===== TEST 41 =====
2                                                

-6.903161080245404e-01 -2.220446049250313e-16
-3.479258388234742e-01 -1.526556658859590e-16
-1.200848477226308e-01 -2.081668171172169e-17
8.562336704889907e-01 -1.665334536937735e-16
1.785185814438739e-01 3.469446951953614e-17

-5.710221421664109e-02 -1.040834085586084e-17
-2.826686923669647e-02 -6.938893903907228e-18
-2.896334760338716e-01 8.326672684688674e-17
9.039646034316038e-01 1.110223024625157e-16
4.597256146406854e-01 5.551115123125783e-17



===== TEST 42 =====
0                                                



===== TEST 43 =====
0                                                



===== TEST 44 =====
0                                                



===== TEST 45 =====
0                                                



===== TEST 46 =====
0                                                



===== TEST 47 =====
0                                                



===== TEST 48 =====
1                                                

-5.094497504345948e-01 0.000000000000000e+00
1.238136959908720e-01 6.938893903907228e-18
-7.005313748163176e-01 -2.775557561562891e-17
-2.741836016100477e-01 4.163336342344337e-17
1.094572389834497e-03 -2.715926442076189e-17



===== TEST 49 =====
0                                                



===== TEST 50 =====
1                                                

3.537274626554720e-02 -1.040834085586084e-17
-3.091042488114494e-01 4.163336342344337e-17
4.928255208760650e-02 -3.469446951953614e-18
5.290436681977545e-02 3.469446951953614e-18
-2.463622455789018e-01 5.551115123125783e-17



===== TEST 51 =====
2                                                

-5.415857509551686e-02 -1.075528555105620e-16
-1.248540074564024e-01 -9.714451465470120e-17
-2.518881907846707e-01 1.804112415015879e-16
1.698304891219909e-02 -1.387778780781446e-16
-6.102882346913576e-01 4.440892098500626e-16

-1.268851240548655e-01 6.938893903907228e-17
-1.801528693581173e-01 5.551115123125783e-17
-1.261825605594441e-01 -1.110223024625157e-16
-6.346602193726683e-02 9.714451465470120e-17
-2.818058809696418e-01 -3.608224830031759e-16



===== TEST 52 =====
0                                                



===== TEST 53 =====
2                                                

3.949943013073278e-01 2.775557561562891e-17
5.681202470293296e-02 0.000000000000000e+00
-1.907148851394764e-01 -2.775557561562891e-17
8.504134832319308e-01 3.885780586188048e-16
1.587916251529482e-01 0.000000000000000e+00

-1.606497364864807e-01 0.000000000000000e+00
-9.659758231759151e-02 -6.938893903907228e-18
-8.164298143964992e-01 0.000000000000000e+00
-5.630359883481124e-01 -2.775557561562891e-17
1.438271094605732e-01 2.081668171172169e-17



===== TEST 54 =====
0                                                



===== TEST 55 =====
1                                                

-7.629753222587413e-02 -6.938893903907228e-17
3.110978109479063e-02 -1.344410693882025e-17
9.697937778472314e-01 -9.298117831235686e-16
1.643525351087003e-01 8.361367154208210e-16
-7.003841064549757e-02 5.204170427930421e-18



===== TEST 56 =====
2                                                

-4.863961092324298e-01 2.775557561562891e-17
7.948444377518253e-01 -8.326672684688674e-17
-4.256702634665380e-01 2.775557561562891e-17
-7.107349006397178e-01 4.163336342344337e-17
2.747903640703159e-01 -1.734723475976807e-17

-1.884195646617746e-01 -1.387778780781446e-17
3.859001979286300e-01 0.000000000000000e+00
-5.085387781533665e-01 -5.551115123125783e-17
-3.067637137615365e-01 -5.551115123125783e-17
1.096923666218145e-01 6.938893903907228e-18



===== TEST 57 =====
0                                                



===== TEST 58 =====
0                                                



===== TEST 59 =====
1                                                

1.623007065115569e-01 1.734723475976807e-17
-7.085914432787378e-02 0.000000000000000e+00
2.079056739603304e-03 -1.084202172485504e-19
-3.402916673685652e-01 -2.081668171172169e-17
-2.931417875959447e-01 0.000000000000000e+00



===== TEST 60 =====
1                                                

6.059431580046893e-01 0.000000000000000e+00
-4.436107246345533e-01 0.000000000000000e+00
-2.536283893690783e-02 5.204170427930421e-18
1.588957658853000e-01 -1.526556658859590e-16
6.754586186236589e-01 -2.220446049250313e-16



===== TEST 61 =====
0                                                



===== TEST 62 =====
0                                                



===== TEST 63 =====
1                                                

7.235983912840710e-01 5.551115123125783e-17
2.663733034949424e-01 5.551115123125783e-17
1.153057342894228e-01 1.387778780781446e-17
-2.698440276807602e-01 -4.163336342344337e-17
-5.605175162315638e-01 -5.551115123125783e-17



===== TEST 64 =====
0                                                



===== TEST 65 =====
3                                                

-1.225751984678262e-01 6.938893903907228e-18
-6.872884121203580e-01 5.551115123125783e-17
9.543931975883815e-01 -5.551115123125783e-17
3.278980277940621e-02 -3.469446951953614e-18
-7.467871910096516e-02 0.000000000000000e+00

4.993626181712829e-01 -2.775557561562891e-17
1.472831030180673e-01 8.326672684688674e-17
-3.400510797938850e-01 5.551115123125783e-17
8.718010615867042e-01 -5.551115123125783e-17
-9.140647155464480e-01 -5.551115123125783e-17

2.542587220795228e-01 -1.040834085586084e-17
-6.771974447674248e-02 4.336808689942018e-18
1.050074172467500e-01 -3.469446951953614e-18
-2.889442803349935e-01 3.469446951953614e-18
-3.957747737187313e-01 1.040834085586084e-17



===== TEST 66 =====
0                                                



===== TEST 67 =====
4                                                

5.475701805282334e-01 5.551115123125783e-17
7.835091010948358e-01 0.000000000000000e+00
-9.648214705215229e-02 0.000000000000000e+00
2.736449316310004e-01 0.000000000000000e+00
5.381002159706368e-02 0.000000000000000e+00

-4.041861825599242e-01 2.775557561562891e-17
4.418784792633953e-01 2.775557561562891e-17
-1.502765823319937e-01 0.000000000000000e+00
1.446192171031619e-01 1.387778780781446e-17
1.720913081417195e-01 0.000000000000000e+00

-4.671828502385943e-01 0.000000000000000e+00
7.835091010948361e-01 1.110223024625157e-16
-9.648214705215227e-02 4.163336342344337e-17
2.736449316310006e-01 2.775557561562891e-17
5.381002159706365e-02 -4.857225732735060e-17

4.495225177866552e-01 -2.775557561562891e-17
4.418784792633952e-01 5.551115123125783e-17
-1.502765823319937e-01 -6.938893903907228e-18
1.446192171031619e-01 2.081668171172169e-17
1.720913081417196e-01 0.000000000000000e+00



===== TEST 68 =====
0                                                



===== TEST 69 =====
0                                                



===== TEST 70 =====
3                                                

-1.878413934940300e-02 5.117434254131581e-17
-4.773624455040680e-02 1.387778780781446e-17
4.103313506456523e-01 4.996003610813204e-16
-4.120118610591884e-01 1.110223024625157e-16
3.940372030267183e-01 -1.942890293094024e-16

3.112004183234937e-03 1.026739457343773e-16
-4.478184165840945e-02 1.908195823574488e-17
6.277632030705331e-01 1.304512053934559e-15
-3.775641088607452e-01 1.665334536937735e-16
3.380835412364348e-01 -2.775557561562891e-16

-2.570739925719214e-01 1.387778780781446e-17
-8.617777803199564e-02 1.387778780781446e-17
4.290904448755131e-01 -5.551115123125783e-17
6.922371157189364e-01 -5.551115123125783e-17
-7.872516413930621e-01 0.000000000000000e+00



===== TEST 71 =====
4                                                

1.116277078557853e-01 6.938893903907228e-18
-1.792234325980782e-01 1.387778780781446e-17
-4.243924156639208e-01 -2.775557561562891e-17
-2.699153588004295e-01 -2.775557561562891e-17
4.068281763834218e-01 -2.775557561562891e-17

-2.007035032014093e-01 6.938893903907228e-18
-2.694208738121337e-02 1.908195823574488e-17
4.273816959050447e-01 -4.163336342344337e-17
1.719578861997663e-01 -3.469446951953614e-17
-2.910786133639984e-01 0.000000000000000e+00

-3.798761464421261e-01 5.551115123125783e-17
-5.796981608612566e-02 -1.387778780781446e-17
-2.764298603169136e-02 -1.214306433183765e-17
3.987579583222644e-01 -5.551115123125783e-17
8.163336381662498e-02 4.163336342344337e-17

3.073754293959633e-01 -5.551115123125783e-17
1.479792590219147e-01 -7.632783294297951e-17
-1.619507134256830e-01 4.579669976578771e-16
-5.679928463828519e-01 3.330669073875470e-16
-3.121531768487183e-01 1.665334536937735e-16



===== TEST 72 =====
2                                                

-7.084706309161360e-01 -3.330669073875470e-16
-1.799477509278296e-01 1.387778780781446e-17
-9.388667942922199e-02 -3.469446951953614e-17
-3.709552056907240e-01 2.498001805406602e-16
1.456926454636046e-01 1.110223024625157e-16

-2.889918980990826e-01 2.775557561562891e-17
-4.025448629734004e-01 3.053113317719180e-16
-3.485330132768634e-02 6.938893903907228e-18
-8.358564979043478e-01 1.665334536937735e-16
-6.518966262113178e-02 -6.938893903907228e-18



===== TEST 73 =====
0                                                



===== TEST 74 =====
0                                                



===== TEST 75 =====
0                                                



===== TEST 76 =====
2                                                

-1.581386165589703e-03 8.239936510889834e-18
1.598363725252254e-01 -1.387778780781446e-17
-6.803538810436143e-01 -1.110223024625157e-16
5.233428925789106e-01 1.387778780781446e-16
2.738481604007377e-01 6.938893903907228e-17

-6.874607396550250e-01 1.387778780781446e-17
-3.834956989182129e-01 6.938893903907228e-18
-9.754476360976174e-01 1.387778780781446e-17
2.919245098528302e-01 -1.387778780781446e-17
-2.387492829573580e-01 1.040834085586084e-17



===== TEST 77 =====
2                                                

1.881376283549245e-02 0.000000000000000e+00
1.378958777085140e-01 6.938893903907228e-18
-9.990399602658536e-01 -2.220446049250313e-16
-8.629002760665967e-01 -2.220446049250313e-16
6.536849939889955e-02 1.734723475976807e-17

-1.614831967316561e-01 2.012279232133096e-16
-1.626841271057537e-01 2.081668171172169e-16
9.577734526405813e-01 2.775557561562891e-16
7.054878822148293e-01 1.665334536937735e-16
1.047145425060609e-01 -7.979727989493313e-17



===== TEST 78 =====
1                                                

-4.374352353102843e-01 -1.110223024625157e-16
-2.000502573890040e-01 -2.775557561562891e-17
8.433216165057461e-01 5.551115123125783e-17
-6.001134636680768e-01 0.000000000000000e+00
-7.085618315876929e-01 -5.551115123125783e-17



===== TEST 79 =====
2                                                

6.359577282863065e-02 -1.040834085586084e-17
-2.986438715540629e-02 1.734723475976807e-18
4.127169247830851e-01 -2.775557561562891e-17
-3.114301081338168e-01 2.775557561562891e-17
-4.021681688385626e-01 1.387778780781446e-17

6.372097185691464e-02 3.469446951953614e-18
-2.901809333635157e-02 -1.734723475976807e-18
-7.710558608652746e-01 2.775557561562891e-16
-1.452228688354062e-01 2.081668171172169e-17
3.428209388262718e-02 3.469446951953614e-18



===== TEST 80 =====
1                                                

2.835446321468704e-02 -8.673617379884035e-18
-2.683330990524837e-01 2.775557561562891e-17
1.058599875446810e-01 -2.081668171172169e-17
3.466354541868607e-01 -8.326672684688674e-17
9.368033417327035e-02 -2.775557561562891e-17



===== TEST 81 =====
0                                                



===== TEST 82 =====
1                                                

-7.108422893207622e-01 -1.110223024625157e-16
6.773457365776128e-01 1.110223024625157e-16
4.372282392233153e-01 1.110223024625157e-16
7.615682694393894e-02 2.775557561562891e-17
-1.195519758756382e-02 -4.336808689942018e-18



===== TEST 83 =====
9                                                

1.553502236228276e-01 4.076600168545497e-16
4.254161512303624e-02 -6.310056643865636e-17
-1.683509407594777e-02 -6.109479241955817e-17
-2.471220115496657e-01 -2.147587663259287e-15
8.610523329747743e-02 5.074066167232161e-17

-3.957930175524244e-02 -6.938893903907228e-18
7.818325702832093e-02 3.469446951953614e-18
7.578690608120095e-03 -8.673617379884035e-19
9.443033073491096e-01 1.110223024625157e-16
4.129076896725947e-02 6.938893903907228e-18

4.874564667666651e-01 -2.775557561562891e-17
5.895034622137055e-01 -5.551115123125783e-17
-1.162740574469103e-02 5.204170427930421e-18
1.193254378952624e-02 -1.734723475976807e-18
1.028933520934683e-01 -4.857225732735060e-17

1.343901495375835e-01 -2.636779683484747e-16
8.454138275356113e-01 -7.216449660063518e-16
2.016263884675592e-01 -9.020562075079397e-17
8.455445596709832e-03 3.989863994746656e-17
-3.817214852282786e-01 4.579669976578771e-16

5.006762865573695e-01 -2.775557561562891e-17
8.009788085096972e-01 -1.110223024625157e-16
3.623820290551563e-02 -6.938893903907228e-18
8.728458651445708e-03 -8.673617379884035e-19
-1.281474665934817e-01 2.775557561562891e-17

-3.552224866527008e-01 0.000000000000000e+00
4.253272034801561e-01 0.000000000000000e+00
1.806062588982910e-02 6.938893903907228e-18
1.750543945193053e-02 -1.734723475976807e-18
7.487006282985324e-02 -6.938893903907228e-18

-1.340751801319369e-01 6.938893903907228e-18
4.223183330077845e-01 -5.551115123125783e-17
8.867004688733654e-02 -3.469446951953614e-18
1.782072136133592e-02 -4.336808689942018e-18
3.566867019243693e-02 1.734723475976807e-18

-3.820882969296087e-01 -2.775557561562891e-17
1.249544582894604e-01 6.938893903907228e-18
-7.524425920784802e-02 -1.387778780781446e-17
1.448282265187660e-01 0.000000000000000e+00
-8.085533898496480e-02 -6.938893903907228e-18

-5.645279095349978e-01 0.000000000000000e+00
6.952188618756204e-01 -5.551115123125783e-17
-3.689887889282260e-02 0.000000000000000e+00
1.015526879096943e-02 0.000000000000000e+00
-6.538853654663661e-02 1.040834085586084e-17



===== TEST 84 =====
0                                                



===== TEST 85 =====
0                                                



===== TEST 86 =====
0                                                



===== TEST 87 =====
1                                                

-1.334717656738227e-03 4.933119884809045e-18
-2.118708143715075e-01 -6.938893903907228e-18
-1.022233380261867e-01 -6.938893903907228e-18
-7.579306669462231e-02 -5.204170427930421e-18
2.431803918408489e-01 -1.387778780781446e-17



===== TEST 88 =====
1                                                

-7.116381322854909e-02 4.336808689942018e-18
8.972771848773273e-02 -8.673617379884035e-18
-7.542528068740018e-01 6.938893903907228e-17
3.459003408105082e-01 -6.938893903907228e-18
5.279553506527862e-01 -1.387778780781446e-17



===== TEST 89 =====
1                                                

3.204494332682548e-01 1.387778780781446e-17
2.966880887269408e-02 3.469446951953614e-18
-7.051591572841658e-02 6.938893903907228e-18
-2.870436795510329e-01 6.938893903907228e-17
-7.148043489797422e-01 0.000000000000000e+00



===== TEST 90 =====
0                                                



===== TEST 91 =====
0                                                



===== TEST 92 =====
1                                                

-5.304746913318211e-01 5.551115123125783e-17
-2.410461002721821e-01 1.387778780781446e-17
1.148043359527898e-01 -2.775557561562891e-17
7.515146543309952e-01 1.665334536937735e-16
-2.775688081009474e-01 -8.326672684688674e-17



===== TEST 93 =====
0                                                



===== TEST 94 =====
1                                                

2.626116413131341e-01 -1.387778780781446e-17
5.910086736707154e-01 -5.551115123125783e-17
1.820074608889413e-01 -1.387778780781446e-17
6.632337492680502e-01 -5.551115123125783e-17
-2.910661831733759e-01 2.775557561562891e-17



===== TEST 95 =====
0                                                



===== TEST 96 =====
0                                                



===== TEST 97 =====
0                                                



===== TEST 98 =====
2                                                

-1.811319045555219e-01 -2.775557561562891e-17
1.360421796459182e-01 -1.387778780781446e-17
8.204031432055371e-01 -2.775557561562891e-16
1.996409141577607e-01 5.551115123125783e-17
-4.461991877844665e-02 -6.938893903907228e-18

-4.871050045795974e-01 2.775557561562891e-17
-1.120104128418172e-01 0.000000000000000e+00
2.422084179124659e-01 -2.775557561562891e-17
4.531017645959412e-01 2.775557561562891e-17
-3.444438940289138e-02 0.000000000000000e+00



===== TEST 99 =====
0                                                



===== TEST 100 =====
0                                                



