===== RESULTS FOR dim=5, deg=3, nonzero=3, Bertini v1.6 =====

===== TEST 1 =====
1                                                

-5.844381609093946e-01 -2.220446049250313e-16
5.969498537271780e-01 2.220446049250313e-16
4.810433918290317e-01 1.387778780781446e-16
6.819743525034984e-01 2.220446049250313e-16
-1.012688228741362e-02 2.602085213965211e-18



===== TEST 2 =====
0                                                



===== TEST 3 =====
3                                                

-2.849037614954158e-01 1.387778780781446e-17
5.706240491546446e-01 -2.775557561562891e-17
1.152792502272083e-01 3.469446951953614e-17
-8.850639802465278e-01 -1.110223024625157e-16
-4.093660977565021e-02 3.469446951953614e-18

2.869326483203277e-01 -5.551115123125783e-17
5.343858684532476e-01 1.110223024625157e-16
6.425855590488668e-01 5.551115123125783e-17
9.862547756465436e-01 6.106226635438361e-16
-1.265341455368635e-01 2.081668171172169e-17

-3.517407535259022e-01 2.775557561562891e-17
3.766393759648693e-01 -8.326672684688674e-17
-4.663514386967046e-03 -1.301042606982605e-18
-7.878399888085896e-01 5.551115123125783e-17
-4.400167894449007e-02 6.938893903907228e-18



===== TEST 4 =====
0                                                



===== TEST 5 =====
2                                                

2.238002707043453e-01 8.326672684688674e-17
6.173209147239103e-01 2.220446049250313e-16
4.891797812598398e-01 1.665334536937735e-16
5.791675523437732e-01 1.665334536937735e-16
-6.264807524393470e-01 -1.110223024625157e-16

1.859972380056117e-01 -3.469446951953614e-18
2.368302020184054e-01 -6.938893903907228e-18
4.634537371828344e-01 -3.469446951953614e-18
-7.180397551151197e-01 1.387778780781446e-17
8.066186967282639e-01 1.387778780781446e-17



===== TEST 6 =====
0                                                



===== TEST 7 =====
1                                                

-2.536258886115598e-01 -9.714451465470120e-17
-7.785803892160876e-01 -7.771561172376096e-16
1.122768918581474e-01 -2.123301534595612e-15
-4.560835773997388e-01 5.273559366969494e-16
6.026225364962036e-01 -8.326672684688674e-16



===== TEST 8 =====
0                                                



===== TEST 9 =====
1                                                

6.472875073515030e-02 2.081668171172169e-17
-2.822158719343615e-01 -7.632783294297951e-16
2.767814477945801e-01 -2.775557561562891e-17
-4.070548461432051e-01 0.000000000000000e+00
-5.695262498621647e-01 -1.387778780781446e-16



===== TEST 10 =====
1                                                

-9.768095433680304e-01 0.000000000000000e+00
3.902327932134235e-01 -5.551115123125783e-17
2.269010163834875e-02 3.469446951953614e-18
-4.849326485174009e-01 -8.326672684688674e-17
-2.509556776788845e-01 -8.326672684688674e-17



===== TEST 11 =====
1                                                

-7.617186646967350e-01 8.326672684688674e-17
-5.133187096509249e-01 -1.387778780781446e-17
-5.389510903371822e-01 6.245004513516506e-17
2.420510959442800e-01 -1.387778780781446e-17
-6.184486092553024e-01 2.775557561562891e-17



===== TEST 12 =====
0                                                



===== TEST 13 =====
1                                                

2.302131296208362e-01 -1.387778780781446e-17
-5.648651551176551e-01 2.775557561562891e-17
-1.075260366780478e-01 6.938893903907228e-18
9.473086016237527e-02 -1.387778780781446e-17
-3.105257037441644e-02 -2.255140518769849e-17



===== TEST 14 =====
0                                                



===== TEST 15 =====
0                                                



===== TEST 16 =====
2                                                

7.855112173417661e-01 5.551115123125783e-17
3.595656796196703e-01 -4.163336342344337e-17
2.276994455845838e-03 2.168404344971009e-19
-4.205044325715108e-01 8.326672684688674e-17
7.310853056261942e-01 -5.551115123125783e-17

-5.754869046830394e-01 1.283695372222837e-16
3.599512830492140e-01 -4.857225732735060e-17
6.521692272181696e-03 -5.534852090538500e-17
-4.200232011946121e-01 1.734723475976807e-17
7.307107252736406e-01 4.857225732735060e-17



===== TEST 17 =====
0                                                



===== TEST 18 =====
1                                                

6.728261547779574e-01 1.942890293094024e-16
5.501248176331558e-01 1.942890293094024e-16
7.251830649626153e-01 -2.220446049250313e-16
-5.952721723584449e-01 3.330669073875470e-16
-3.698265989626722e-01 -1.110223024625157e-16



===== TEST 19 =====
1                                                

4.871558182257918e-02 6.938893903907228e-17
4.513257215233227e-02 1.387778780781446e-17
8.763365482893135e-01 -2.775557561562891e-16
-5.895746914940342e-01 -5.551115123125783e-16
-5.943695779874657e-02 -5.898059818321144e-17



===== TEST 20 =====
0                                                



===== TEST 21 =====
3                                                

-2.768802456424526e-01 0.000000000000000e+00
4.583049266677589e-01 2.775557561562891e-17
-7.738802474912687e-01 1.110223024625157e-16
-5.876722219718949e-01 -5.551115123125783e-17
-1.419427636294347e-01 -6.938893903907228e-18

-2.639132067937233e-01 4.163336342344337e-17
3.661264408352074e-01 -5.551115123125783e-17
-8.218782669951816e-01 1.110223024625157e-16
-5.174146355393823e-01 5.551115123125783e-17
-2.561712318088212e-01 -2.775557561562891e-17

-3.809235418567836e-01 2.775557561562891e-17
-7.268148415123931e-01 0.000000000000000e+00
3.581705057959820e-01 6.938893903907228e-17
3.149045285805500e-01 2.775557561562891e-17
-2.400010273408964e-01 1.387778780781446e-17



===== TEST 22 =====
0                                                



===== TEST 23 =====
0                                                



===== TEST 24 =====
0                                                



===== TEST 25 =====
0                                                



===== TEST 26 =====
0                                                



===== TEST 27 =====
0                                                



===== TEST 28 =====
0                                                



===== TEST 29 =====
2                                                

1.709055704237638e-01 -1.214306433183765e-17
-9.438225207944564e-01 -1.387778780781446e-17
-5.047532532619746e-01 -3.469446951953614e-17
-1.147994183451941e-01 -1.040834085586084e-17
1.200691709296957e-01 -4.336808689942018e-17

-8.702984070342097e-01 2.220446049250313e-16
1.088475684255697e-02 6.852157730108388e-17
1.108426192711752e-01 -2.428612866367530e-17
-1.206548465424387e-01 3.469446951953614e-17
-3.790847287466512e-01 5.551115123125783e-17



===== TEST 30 =====
0                                                



===== TEST 31 =====
0                                                



===== TEST 32 =====
1                                                

1.006616295128687e-01 -5.377642775528102e-17
-6.657407101512250e-02 1.162264728904461e-16
7.398053565490156e-01 1.665334536937735e-16
7.361476695892575e-01 -3.330669073875470e-16
9.830924171244840e-01 6.661338147750939e-16



===== TEST 33 =====
0                                                



===== TEST 34 =====
0                                                



===== TEST 35 =====
0                                                



===== TEST 36 =====
0                                                



===== TEST 37 =====
0                                                



===== TEST 38 =====
2                                                

1.602235905274443e-01 2.775557561562891e-17
9.590892830940345e-02 2.081668171172169e-17
5.449441828059393e-02 1.387778780781446e-17
-5.188626131095594e-02 -1.734723475976807e-17
6.388833079871359e-01 -1.110223024625157e-16

3.390572014309289e-02 -5.204170427930421e-18
1.905224247883590e-01 2.775557561562891e-17
-7.652444800274411e-02 -6.938893903907228e-18
-3.304341589994558e-01 -5.551115123125783e-17
-2.665922958981040e-01 0.000000000000000e+00



===== TEST 39 =====
2                                                

-3.592897030221703e-01 2.775557561562891e-17
2.966549044669219e-01 -1.387778780781446e-17
-1.757118942048379e-01 2.775557561562891e-17
-4.350379299925711e-01 -1.387778780781446e-17
-4.135662183588062e-01 1.387778780781446e-17

6.256294724104945e-01 5.551115123125783e-17
-2.853103057097903e-01 0.000000000000000e+00
4.916408673804717e-01 1.665334536937735e-16
-5.293486088011849e-01 5.551115123125783e-17
-4.722509315583128e-01 2.775557561562891e-17



===== TEST 40 =====
0                                                



===== TEST 41 =====
0                                                



===== TEST 42 =====
0                                                



===== TEST 43 =====
0                                                



===== TEST 44 =====
0                                                



===== TEST 45 =====
3                                                

2.617601847862683e-02 -2.602085213965211e-17
-6.875196124570019e-01 -5.551115123125783e-17
4.321169527927305e-01 -9.714451465470120e-17
-3.510619280589460e-02 -1.040834085586084e-17
-4.627374023534381e-01 4.163336342344337e-17

9.729486377192186e-03 1.734723475976807e-18
-9.095312439446599e-01 -2.775557561562891e-16
2.510789748620491e-01 2.775557561562891e-17
-7.638510211338345e-02 -6.245004513516506e-17
-2.419023074107448e-01 5.551115123125783e-17

-5.493070647270411e-01 0.000000000000000e+00
-4.282703776120782e-01 -2.775557561562891e-17
3.574265833082727e-01 5.551115123125783e-17
5.221597973433633e-01 -5.551115123125783e-17
4.698839692931879e-01 8.326672684688674e-17



===== TEST 46 =====
0                                                



===== TEST 47 =====
0                                                



===== TEST 48 =====
0                                                



===== TEST 49 =====
0                                                



===== TEST 50 =====
2                                                

4.705428643045188e-01 8.326672684688674e-17
4.985448663837520e-01 -2.775557561562891e-17
3.084209783368199e-01 0.000000000000000e+00
-1.503082236827445e-01 1.387778780781446e-17
-7.083570918958293e-01 -5.551115123125783e-17

-9.829586113298929e-01 1.110223024625157e-16
-5.828195747819228e-01 -5.551115123125783e-17
8.091707947369886e-02 1.387778780781446e-17
5.418003897726228e-01 5.551115123125783e-17
6.397876933196808e-01 5.551115123125783e-17



===== TEST 51 =====
0                                                



===== TEST 52 =====
0                                                



===== TEST 53 =====
0                                                



===== TEST 54 =====
0                                                



===== TEST 55 =====
0                                                



===== TEST 56 =====
1                                                

-2.566190505996736e-01 -4.163336342344337e-17
-4.207113796482738e-01 -2.775557561562891e-17
5.984526321377402e-01 0.000000000000000e+00
-5.368865496014066e-01 -2.775557561562891e-17
-3.411817624293955e-01 2.775557561562891e-17



===== TEST 57 =====
0                                                



===== TEST 58 =====
0                                                



===== TEST 59 =====
3                                                

-3.515986602950980e-02 -1.626303258728257e-19
2.320919469584664e-03 0.000000000000000e+00
-6.991022128984606e-02 -3.252606517456513e-19
7.322293844732307e-01 -7.806255641895632e-18
-3.337716444694135e-01 2.168404344971009e-18

3.816612151894889e-01 1.387778780781446e-17
8.315247815105124e-02 1.040834085586084e-17
-4.480027699506231e-01 -2.775557561562891e-17
-2.226850086989274e-01 -1.387778780781446e-17
3.560009341943041e-01 2.775557561562891e-17

-3.676034176756811e-01 -9.159339953157541e-16
7.860002501611363e-02 2.498001805406602e-16
-4.681212663071911e-01 -9.159339953157541e-16
2.221270091961402e-01 -4.996003610813204e-16
-3.583724286097973e-01 -1.110223024625157e-16



===== TEST 60 =====
0                                                



===== TEST 61 =====
0                                                



===== TEST 62 =====
0                                                



===== TEST 63 =====
2                                                

-9.046474412771963e-01 1.179611963664229e-16
-5.422666368245547e-01 1.118896642005041e-16
5.754022940786948e-01 -1.266348137463069e-16
8.376119580452682e-02 -1.356553758213863e-15
3.230887668519135e-01 9.367506770274758e-17

-4.490158775373268e-02 -3.469446951953614e-17
-5.064400018808412e-01 -1.110223024625157e-16
5.429073806886134e-01 1.110223024625157e-16
5.079923895110174e-02 -7.632783294297951e-17
2.856279115376922e-01 1.110223024625157e-16



===== TEST 64 =====
2                                                

1.856883609703631e-01 -5.551115123125783e-17
9.679197972707096e-01 0.000000000000000e+00
-2.380971351905622e-01 -2.775557561562891e-17
-1.129554096296447e-02 1.734723475976807e-18
1.039125800622620e-02 1.474514954580286e-17

1.900296639839226e-01 -8.500145032286355e-17
9.677778241047895e-01 -8.326672684688674e-17
-9.743049297182477e-01 -1.137978600240785e-15
-1.855374656356288e-02 -1.192622389734055e-17
1.082279490845137e-02 -2.992397996059992e-17



===== TEST 65 =====
0                                                



===== TEST 66 =====
1                                                

-6.040830322713689e-01 -8.326672684688674e-17
-9.101141124187985e-02 0.000000000000000e+00
6.864349254483951e-01 -2.775557561562891e-17
-4.988726056108032e-02 3.295974604355933e-17
-9.617574072243602e-02 3.469446951953614e-18



===== TEST 67 =====
4                                                

7.850118600377749e-01 5.551115123125783e-17
5.740622244899547e-01 -5.551115123125783e-17
1.782914818216272e-01 2.775557561562891e-17
3.257061013433397e-01 1.387778780781446e-16
-2.816059229292827e-01 8.326672684688674e-17

3.316349080426751e-01 -8.326672684688674e-17
1.273011655472654e-01 -5.551115123125783e-17
4.000171212021305e-01 5.551115123125783e-17
-3.190981298832838e-01 -2.775557561562891e-17
-1.761344900135525e-01 2.775557561562891e-17

5.362403313188562e-01 3.469446951953614e-18
-8.631268389847900e-01 -1.561251128379126e-17
-7.978223648669344e-01 1.387778780781446e-17
-3.794758277149644e-01 0.000000000000000e+00
5.995438668965606e-01 1.734723475976807e-18

-7.013008373104317e-01 -5.551115123125783e-17
7.460447511172267e-01 1.110223024625157e-16
-3.323025544954887e-01 0.000000000000000e+00
1.018444295647117e-01 -2.081668171172169e-17
3.824661594821659e-01 -5.551115123125783e-17



===== TEST 68 =====
0                                                



===== TEST 69 =====
1                                                

6.824665882293504e-02 6.938893903907228e-18
-1.570608953964934e-01 1.387778780781446e-17
-4.268504670903180e-01 1.387778780781446e-17
6.953754718632816e-01 -2.775557561562891e-17
-1.942569648316015e-01 6.938893903907228e-18



===== TEST 70 =====
0                                                



===== TEST 71 =====
2                                                

3.790028301015426e-01 1.110223024625157e-16
-5.122832768004804e-02 -6.938893903907228e-18
9.670631794396509e-01 -5.551115123125783e-17
6.908743760461020e-01 1.110223024625157e-16
-2.410467997112133e-01 0.000000000000000e+00

-1.980907666040065e-01 -1.387778780781446e-17
5.393631036379012e-01 -3.053113317719180e-16
-9.909008077982058e-01 5.551115123125783e-17
6.841270019461947e-01 -2.220446049250313e-16
2.001968544674643e-01 -4.163336342344337e-17



===== TEST 72 =====
0                                                



===== TEST 73 =====
0                                                



===== TEST 74 =====
0                                                



===== TEST 75 =====
1                                                

-1.745970686458039e-01 -4.163336342344337e-17
3.165410624160017e-01 0.000000000000000e+00
-7.539870016216934e-01 0.000000000000000e+00
-1.378947061188902e-01 -2.775557561562891e-17
8.699620942775652e-01 1.665334536937735e-16



===== TEST 76 =====
0                                                



===== TEST 77 =====
0                                                



===== TEST 78 =====
0                                                



===== TEST 79 =====
0                                                



===== TEST 80 =====
0                                                



===== TEST 81 =====
2                                                

-7.714921001415482e-01 0.000000000000000e+00
-3.826463846467060e-01 -2.775557561562891e-17
1.790483314912530e-01 0.000000000000000e+00
-4.402253609878943e-01 2.775557561562891e-17
1.850974936897716e-01 0.000000000000000e+00

3.410666084055379e-01 4.163336342344337e-17
-2.114524391638070e-01 0.000000000000000e+00
3.078739549096141e-02 6.938893903907228e-18
-8.750056779958164e-01 -5.551115123125783e-17
6.656802559108135e-02 1.040834085586084e-17



===== TEST 82 =====
0                                                



===== TEST 83 =====
0                                                



===== TEST 84 =====
0                                                



===== TEST 85 =====
0                                                



===== TEST 86 =====
0                                                



===== TEST 87 =====
0                                                



===== TEST 88 =====
0                                                



===== TEST 89 =====
1                                                

3.552866768859646e-02 0.000000000000000e+00
2.185684276167118e-01 3.469446951953614e-17
-1.211504624941243e-01 3.469446951953614e-18
4.765993594393814e-01 -5.551115123125783e-17
-9.735972577125626e-02 -3.469446951953614e-18



===== TEST 90 =====
0                                                



===== TEST 91 =====
3                                                

-1.664064040113904e-01 9.089951014118469e-16
5.868301547287305e-01 -8.326672684688674e-17
-6.369530857078228e-01 7.771561172376096e-16
-5.378372072277184e-01 2.220446049250313e-16
5.242707375577181e-01 2.775557561562891e-17

2.921214184159427e-01 -1.387778780781446e-17
4.082855875704693e-01 -5.551115123125783e-17
-4.804266274339323e-01 5.551115123125783e-17
1.946098127332495e-01 -2.081668171172169e-17
-3.985810285802270e-01 -5.551115123125783e-17

1.835885762697511e-01 -2.775557561562891e-17
-4.821904452013939e-01 -1.110223024625157e-16
-4.672506058990227e-01 -1.665334536937735e-16
-5.785095659662465e-01 0.000000000000000e+00
-9.056219393478697e-01 5.551115123125783e-17



===== TEST 92 =====
0                                                



===== TEST 93 =====
0                                                



===== TEST 94 =====
4                                                

2.211568522776586e-01 -6.938893903907228e-17
-9.425835855604962e-02 1.387778780781446e-17
1.758688358535744e-01 -2.775557561562891e-17
-8.435180933468177e-01 1.665334536937735e-16
2.908492224952206e-01 -1.387778780781446e-17

1.967187055213124e-01 -6.938893903907228e-17
7.655583554656130e-02 -2.428612866367530e-17
1.326358114551014e-01 -2.775557561562891e-17
8.853117833436016e-01 -2.775557561562891e-16
1.807101710300557e-01 -8.326672684688674e-17

-1.024982927440865e-01 3.469446951953614e-17
7.823479726266386e-02 -1.387778780781446e-17
1.421089383844695e-01 1.387778780781446e-17
-8.587199294597824e-01 -1.110223024625157e-16
1.874958855849877e-01 2.775557561562891e-17

-1.956834977992911e-01 2.428612866367530e-17
-3.032627288230062e-02 -4.336808689942018e-19
1.399781580591308e-01 -2.602085213965211e-17
8.592108741945188e-01 1.249000902703301e-16
1.780176893710768e-01 -5.551115123125783e-17



===== TEST 95 =====
3                                                

8.170913460661914e-01 1.543903893619358e-16
-4.944008588420961e-01 -1.647987302177967e-17
4.907786428571029e-01 -9.454242944073599e-17
-4.443087578681135e-01 -1.266348137463069e-16
6.167491343719602e-01 3.469446951953614e-17

-6.320906647775435e-01 0.000000000000000e+00
2.072931883793728e-02 8.673617379884035e-19
-5.230123214102185e-01 8.326672684688674e-17
8.592497396348928e-01 2.775557561562891e-17
7.816554826169563e-01 1.110223024625157e-16

-5.668601117433676e-01 -2.775557561562891e-17
-1.233169538675691e-01 0.000000000000000e+00
5.973857963973856e-01 0.000000000000000e+00
7.086365624002625e-01 0.000000000000000e+00
-6.014161556540788e-01 -5.551115123125783e-17



===== TEST 96 =====
0                                                



===== TEST 97 =====
1                                                

-4.024582211162231e-01 5.551115123125783e-17
3.143375156318969e-01 -5.551115123125783e-17
1.660632176253352e-01 0.000000000000000e+00
-8.587930900083383e-01 5.551115123125783e-17
1.620058547870275e-01 -2.775557561562891e-17



===== TEST 98 =====
0                                                



===== TEST 99 =====
0                                                



===== TEST 100 =====
2                                                

6.986580922611518e-01 -1.665334536937735e-16
-3.432735063519106e-01 5.551115123125783e-17
1.959029367863460e-01 0.000000000000000e+00
-4.524629943524824e-02 6.938893903907228e-18
4.503876566202116e-01 0.000000000000000e+00

9.098190254777369e-01 7.771561172376096e-16
-4.112567351427253e-01 -6.383782391594650e-16
3.698353475583310e-01 -1.942890293094024e-16
-1.675303934010138e-01 -3.608224830031759e-16
-8.653495147181275e-01 -1.110223024625157e-16



