0
-3.761237827941115e-01 -5.575311618564687e-01
-3.664704169009919e-01 -5.331395886855391e-01
-3.392651496078876e-01 -1.125454838678764e+00

1
3.746649073864104e-01 -6.494029492685579e-01
4.027225098966700e-01 -6.166135259261933e-01
1.741636772336994e-02 7.481460614578778e-01

2
-3.441295941336557e-01 -3.681510987871963e-01
-2.553428040502908e-01 -1.250446622142538e+00
4.043636074429890e-01 -1.101783547724544e-02

3
2.012830197278068e-01 -4.546008047407979e-01
1.779802021395204e-01 -4.537441183297802e-01
-4.100044559160733e-01 3.141220042950782e-01

4
1.218076158280286e-01 -3.534550214464411e-01
1.083695492705833e-01 -3.278323364711157e-01
-7.239697001596764e-01 1.267119917781431e-01

5
-1.735771371091732e-01 -4.210310192240858e-01
-1.614198275844945e-01 -4.038724754122398e-01
-6.299257281721965e-01 -5.804976354140746e-01

6
-2.750926044529124e-01 -8.368524576696593e-02
-2.750496360886358e-01 -9.019647598505122e-01
-2.960358540179691e-01 3.263091528547419e-02

7
-3.506150965159564e-01 7.837585910117817e-01
-7.172195385660024e-01 -3.070805823591431e-01
-1.734268873754320e+00 -2.295377548819559e-01

8
1.534947774542190e+00 -6.537715128262803e-01
1.404605909433707e+00 -5.884148842947222e-01
3.790676909467283e-01 3.388178966757728e+00

9
6.842075065623603e-01 -4.046087994924696e-01
3.962412628380935e-01 6.535398526005869e-01
-1.676812179518241e+00 1.256987559234107e-01

10
-7.268214947735873e+00 -1.004492513404322e+01
1.205519126269864e+01 -1.006604764553736e+01
3.174623612414496e+00 7.135303432471980e+00

11
5.770262110081731e-01 -9.309647215765644e-01
2.754811962935608e-01 2.718934063993061e-01
-5.769895849471960e-01 -4.122264292462028e-01

12
-7.410170815982607e-01 -2.872901577444696e-01
2.926148366356452e-01 -7.107978695592513e-01
-1.451520967057846e+00 -9.076321657434513e-02

13
4.568563516539452e-01 4.226542790515163e-01
-4.113556535792067e-01 -3.745244470910208e-01
-5.920819278948402e-01 7.135266119920576e-01

14
7.920385133953767e-01 1.133086438527064e+00
-1.074942530481914e+00 6.478811808484466e-01
-1.766605885881604e+00 -2.207132126414678e-02

15
-9.895477644315301e-01 1.261999571925044e+00
-2.078454572919492e+00 -2.035874889825929e+00
7.733964280309333e-01 -6.018047683361438e-01

16
2.971942402703461e-01 1.639590878812688e-01
-8.802819830291391e-01 -5.676955036452226e-01
2.285746813291512e-01 -2.420428811025099e-01

17
-4.280320061195016e-01 -7.745710561290223e-01
7.176243614086116e-01 -3.658576838420826e-01
-1.459433877164581e+00 -6.224296013591483e-02

18
2.697193310587910e-01 9.237088821405569e-01
-2.627481885415089e-01 -8.684528362948792e-01
-7.970930823536696e-01 1.796126549919367e+00

19
5.389292281386708e-01 9.521326097835879e-02
-5.589760956214221e-01 -9.806152283018091e-02
-3.907675624188015e-01 -6.390340471738643e-02

20
1.199001425991432e-01 2.669501426814628e-01
-6.100923516538053e-01 -6.498062331756636e-01
-2.385872125868120e-01 1.520768814225323e-01

21
3.734885694916729e-01 5.977785974129262e-02
-3.588927351422690e-01 -5.816624577963461e-02
-7.996264044658307e-01 -3.898841208880823e-02

22
5.452501883860766e-01 -3.266710259575521e-01
-4.878261592532394e-01 2.963273506296466e-01
-5.575781268921516e-01 -8.389660836687555e-01

23
6.567577467362086e-01 -8.443953648300951e-01
-6.241235562797689e-01 7.779227671389881e-01
-4.185221722622489e-01 -1.993323024188352e+00

24
1.572942803479806e-01 -2.042666971424728e-01
-4.629509511567189e-01 -7.027030568959980e-01
2.453991072592700e-01 -1.045772421805381e-01

25
8.561086215302174e-01 -3.326326517828510e-01
-3.479670444653898e-01 -7.826423226541930e-01
1.211760217340729e+00 7.378623693868532e-01

26
8.173919114271634e-01 -2.127017071066238e-01
-1.914726806099874e-01 -2.388130103269220e-01
1.124903836898202e-01 5.307047399374311e-01

27
2.966221189334732e-01 -7.601979145898335e-02
-3.759478872206915e-01 -4.556309098789007e-01
-1.634252091578196e-01 8.025318525437401e-02

28
2.808403745493923e-01 -2.247846994337566e-01
-2.279912424251117e-01 -2.476405112689244e-01
-4.609716015368005e-01 -1.051630335017774e-01

29
3.628335360452239e-01 -4.780054562614313e-01
-1.323125315255290e-01 -1.711877588843531e-01
-2.927073019755979e-01 -2.548828673425648e-01

30
3.274034222605973e-01 -8.262960906651066e-01
-8.049156283206513e-01 -3.170470302929305e-01
9.025626989920341e-01 -1.517646090868328e+00

31
2.088363813034548e+00 -1.154904441816345e+00
7.298275802506677e-01 5.045690401623032e-01
6.792857324968360e-01 1.370341673184664e+00

32
3.786759807308475e-01 -4.903418617171086e-02
-3.977010030608401e-02 -3.571330652417165e-01
-5.625171907014681e-01 5.818783725110467e-01

33
3.361972652018951e-01 -2.169010383038728e-01
-1.979730228487870e-01 -4.170882556200562e-01
-1.927189410161260e-01 1.713806189693510e-01

34
1.030509459295283e-01 -2.177736667936226e-01
-2.310936671403978e-01 -5.865056014499738e-01
-1.948138866857060e-01 3.695193265903847e-02

35
1.954462301901695e-01 -3.022889531323153e-01
-2.710752439378786e-01 -1.750509895099727e-01
-5.395133720456774e-01 -4.206811306073376e-01

