3
0
11
52
7.576469762470180e-01 -1.045119477457044e+00
3.457532731910967e-01 4.474734379693592e-01
-5.579405203270127e-01 -4.237223564627365e-01
2.062894763461781e-15
6.707077793719700e+00
3.076328085551028e-16
3.906250000000000e-04
4.252045375268261e-12
0.000000000000000e+00
1
1
26
52
7.420206523495030e-01 -2.708976262547550e-01
-2.054656760091787e-01 -2.784437871412117e-01
1.559496683888877e-01 3.993541523362966e-01
7.473417450352271e-17
1.419981063097045e+01
2.100649106742315e-16
9.765625000000001e-05
2.109423746787797e-15
0.000000000000000e+00
1
1
29
52
3.617437877579715e-01 -4.559658508821821e-01
-1.438307219813278e-01 -2.166862108146949e-01
-2.419627312709822e-01 -2.020503119499941e-01
1.394700413648432e-16
4.758261198642425e+01
5.867368415537567e-17
3.906250000000000e-04
4.415359929173221e-12
0.000000000000000e+00
1
1
31
52
2.478180663989473e+00 -1.692553634787054e+00
1.061448974604498e+00 8.194869248243909e-01
9.500491025092253e-01 1.318784579756024e+00
7.105427357601002e-14
9.362811883085695e+02
2.147209832984184e-15
9.765625000000001e-05
4.094300213216723e-15
0.000000000000000e+00
1
1
-1

2 0
1 3
7588546412507747297772782992677593544663465030968040633976024520188780426039058376138523672378894804480784192298821277767061561986498553075018854064873713417714512527658593391879559160030655286711406676045230073817398112992003129753910138007840395430309432380131693296366382733464509693703351022930796961502721/10000000000000000000000000000000000000000000000000000000000000000000000000000000000000000000000000000000000000000000000000000000000000000000000000000000000000000000000000000000000000000000000000000000000000000000000000000000000000000000000000000000000000000000000000000000000000000000000000000000000000000000000 6419181993650131544965797249638257528518895020911235971078080951975009598800886646244125280029834140560245639432791694261404006450211977009111418006076237038110969984441369194373903069680313537582089792786012022752259155553759750051950841647580817613037834085625989525765933660309826928071941882873085007136613/10000000000000000000000000000000000000000000000000000000000000000000000000000000000000000000000000000000000000000000000000000000000000000000000000000000000000000000000000000000000000000000000000000000000000000000000000000000000000000000000000000000000000000000000000000000000000000000000000000000000000000000000
-228660895884919875724954759735214233159612901361139726106049344577336856849950169814217308481066138353472871450227009689315598446540304299750950324390905750680893414413838273726456332320774241318962130561467163614755555114864816845463478305019561355823413447741526710351105179884569213954835552579547091796853/400000000000000000000000000000000000000000000000000000000000000000000000000000000000000000000000000000000000000000000000000000000000000000000000000000000000000000000000000000000000000000000000000000000000000000000000000000000000000000000000000000000000000000000000000000000000000000000000000000000000000000000 9033567746976773648622480178351390586832656785087841772780527323244546414776232192362935245547898040495345907664530697766392867534104901600854548715605960495665852213706371594391584579730065478327029498851488742532286324576555570636763121288540430339092879457330779779870270614842337011810398190407364226993917/10000000000000000000000000000000000000000000000000000000000000000000000000000000000000000000000000000000000000000000000000000000000000000000000000000000000000000000000000000000000000000000000000000000000000000000000000000000000000000000000000000000000000000000000000000000000000000000000000000000000000000000000
-6207239609168779414722275012513534126895893882058976552314663014678645800802820702354073037868676612192316107069266324418008513442264329987505747038866183219884328158822045516364314345793085721786799933956573664306016801757786390455274021667712268593540953082353018622600712546439149782850318312277980569869991/10000000000000000000000000000000000000000000000000000000000000000000000000000000000000000000000000000000000000000000000000000000000000000000000000000000000000000000000000000000000000000000000000000000000000000000000000000000000000000000000000000000000000000000000000000000000000000000000000000000000000000000000 573878588625078706999800918239599294622795858592192318521113018675347515164104283704753252359699672163107240112127842357868392974027886220245647397479664592688067737735446378497531592711245154039076796057777951835109784905561660655303545383607335707014039838851975222318144840529459373048240059171694464566307/25000000000000000000000000000000000000000000000000000000000000000000000000000000000000000000000000000000000000000000000000000000000000000000000000000000000000000000000000000000000000000000000000000000000000000000000000000000000000000000000000000000000000000000000000000000000000000000000000000000000000000000000

0
5244558511392798921887536222159639807909360704572372478560219122947145273929807317583490322010280566875414052450773987343670578272672837010396460554169077630760020460196640670647979416559595846954387914844809465598702118219958184324954648220878553161807598588313304514305840478363561023640427235456808056760249/10000000000000000000000000000000000000000000000000000000000000000000000000000000000000000000000000000000000000000000000000000000000000000000000000000000000000000000000000000000000000000000000000000000000000000000000000000000000000000000000000000000000000000000000000000000000000000000000000000000000000000000000 2022593456791823113055617669495943960672642735152645052951239212554054918860018279980406907306590656792158864181162094336126653413141946449424335812439551722435668562170707884130384915540148307497701147620065422000483407853481068673298550031964751072259778086081672941649466544770618727790801140264783486248999/10000000000000000000000000000000000000000000000000000000000000000000000000000000000000000000000000000000000000000000000000000000000000000000000000000000000000000000000000000000000000000000000000000000000000000000000000000000000000000000000000000000000000000000000000000000000000000000000000000000000000000000000
3 3
1 0
0 0
0 0
0 0
1 0
0 0
0 0
0 0
1 0

3 0

2 0

