36

-1.637607171574385e-01 -5.923915043476934e-01;
-1.637607171574385e-01 -5.923915043476934e-01;
-1.637607171574385e-01 -5.923915043476934e-01;

-1.350436327948231e-01 -9.622186418647293e-01;
-1.350436327948231e-01 -9.622186418647293e-01;
7.657839714524046e-01 -5.980605375520188e-01;

3.913311096954432e-01 -8.161401640768856e-01;
3.913311096954432e-01 -8.161401640768856e-01;
5.111325602916614e-01 7.469727643258512e-01;

2.720105162026034e-01 -5.125306242837928e-01;
2.720105162026034e-01 -5.125306242837928e-01;
-2.720105162026034e-01 5.125306242837928e-01;

1.135173764715854e-01 -4.544169270536159e-01;
1.135173764715854e-01 -4.544169270536159e-01;
-4.502952909738842e-01 1.288995317314533e-01;

-2.348965101657002e-02 -4.763246533931368e-01;
-2.348965101657002e-02 -4.763246533931368e-01;
-4.242540757955591e-01 -2.178196921901879e-01;

-7.433111845939199e-01 -4.967152414478486e-01;
5.851242524379796e-02 -8.920839894993632e-01;
-7.433111845939199e-01 -4.967152414478486e-01;

-1.543806316894702e+00 -1.748790824903639e-01;
-6.204534304201816e-01 -1.424415030198883e+00;
-6.204534304201816e-01 -1.424415030198883e+00;

-6.712703298075212e+00 -1.765318504702525e+01;
1.193175505939385e+01 -1.463996410771334e+01;
1.864445835746906e+01 3.013220939311902e+00;

7.271609692994899e-01 -1.343950329833181e+00;
1.527475611709755e+00 -4.223529286271610e-02;
-7.271609692994898e-01 1.343950329833181e+00;

1.655099254738656e-02 -8.888839266856319e-01;
7.780715577991150e-01 -4.301083833389324e-01;
-7.780715577991147e-01 4.301083833389326e-01;

-3.577250920248763e-01 -6.844386885525093e-01;
4.138787456069403e-01 -6.520183615409237e-01;
-7.716038376318167e-01 -3.242032701158570e-02;

-1.723923877665575e+00 1.355913997824986e+00;
-3.122940286305688e-01 -2.170918871161458e+00;
-1.723923877665575e+00 1.355913997824986e+00;

-9.768165057925041e-02 1.195517534343492e+00;
-9.865077301215738e-01 -6.823535580569714e-01;
-1.084189380700824e+00 5.131639762865201e-01;

5.342872838740736e-01 8.252213373288111e-01;
-9.818062838087549e-01 5.009569208953030e-02;
-9.818062838087549e-01 5.009569208953030e-02;

9.952815588557988e-01 3.694297209659218e-01;
-8.175763026973841e-01 6.772242534043380e-01;
-9.952815588557988e-01 -3.694297209659217e-01;

1.481030598809034e+00 -5.529806721514701e-01;
-2.616199895195497e-01 1.559100458426438e+00;
-1.219410609289485e+00 -1.006119786274967e+00;

-4.655033306033656e-01 -4.041135014659307e+00;
3.732477248119443e+00 1.617429797480872e+00;
-3.732477248119443e+00 -1.617429797480873e+00;

1.265963589311539e+00 4.253572927305591e-01;
-1.265963589311539e+00 -4.253572927305589e-01;
1.265963589311539e+00 4.253572927305591e-01;

6.171718053044359e-01 4.859085925026735e-01;
-6.171718053044360e-01 -4.859085925026734e-01;
-1.122232823722380e-01 7.774407581444819e-01;

4.935296512853122e-01 2.467600468110444e-01;
-4.935296512853122e-01 -2.467600468110444e-01;
-4.604652948200577e-01 3.040291921284335e-01;

5.018363466063449e-01 7.314311654783756e-02;
-5.018363466063449e-01 -7.314311654783751e-02;
-5.018363466063449e-01 -7.314311654783751e-02;

5.872262903879877e-01 -9.357673083030911e-02;
-5.872262903879877e-01 9.357673083030918e-02;
-3.746529712961403e-01 -4.617645198309403e-01;

8.932111064012870e-01 -2.470028468340564e-01;
-8.932111064012870e-01 2.470028468340565e-01;
2.326948130352741e-01 -8.970449325029479e-01;

6.164713710085711e-01 -3.619555808100373e-01;
-6.216984135273294e-01 -3.529020775942253e-01;
6.164713710085711e-01 -3.619555808100373e-01;

6.606302154212510e-01 -7.027508144692260e-02;
-3.911751134966812e-01 -5.369850083389280e-01;
3.911751134966810e-01 5.369850083389283e-01;

4.703089633833878e-01 -3.026531768211979e-02;
-2.613650156580162e-01 -3.921668510764792e-01;
-2.089439477253717e-01 4.224321687585992e-01;

3.806674717731009e-01 -1.030075350284296e-01;
-2.795408780023861e-01 -2.781639334356861e-01;
-3.806674717731009e-01 1.030075350284297e-01;

3.524228652421001e-01 -1.979006484698225e-01;
-3.475984216213305e-01 -2.062568299392471e-01;
-3.475984216213305e-01 -2.062568299392471e-01;

3.955508350186549e-01 -3.177594169069564e-01;
-4.729631448424821e-01 -1.836773631608241e-01;
-7.741230982382716e-02 -5.014367800677807e-01;

2.115398492724141e-01 -5.371930608717799e-01;
-3.594529128154745e-01 -4.517954138185317e-01;
2.115398492724141e-01 -5.371930608717799e-01;

4.660748000798423e-01 -5.353273376710087e-01;
-2.305696737234626e-01 -6.712962857684013e-01;
6.966444738033051e-01 1.359689480973925e-01;

4.454311830240455e-01 -2.995650916166029e-01;
-3.671538791496803e-02 -5.355372659448807e-01;
3.671538791496826e-02 5.355372659448806e-01;

3.141925580259793e-01 -2.622131238493749e-01;
-6.998694744624423e-02 -4.032052988552018e-01;
-3.141925580259792e-01 2.622131238493750e-01;

2.269590461095994e-01 -3.026998843895131e-01;
-1.486662665491312e-01 -3.479022417443534e-01;
-3.756253126587307e-01 -4.520235735484013e-02;

1.754078949066672e-01 -3.886196509395658e-01;
-2.488505426701714e-01 -3.462175184833078e-01;
-2.488505426701714e-01 -3.462175184833078e-01;

