8.170491909685655956e-17
1.763208734312023154e-16
4.571473409331215052e-16
3.217700299641864987e-16
2.705560708322071554e-16
4.561203044932536504e-16
5.566710723882406314e-16
3.863590581724511201e-16
3.381769684693219669e-16
1.070696212562061182e-15
3.657801197860693315e-16
3.871205165910913987e-16
9.300937644251998593e-16
2.001392499641771469e-15
1.750939369339199051e-16
1.929879867024197893e-16
1.131965082401639921e-15
9.167088384683572038e-16
1.035543235453218211e-15
1.463352143678132072e-16
1.819957865620185912e-16
1.263215997853666632e-15
6.522560269672794922e-17
2.148857223835498157e-16
