1.289863166809082085e+00
1.282237956523895273e+00
1.283639335632324130e+00
1.283714778423309388e+00
1.288382112979888916e+00
1.289107487201690772e+00
1.297497427463531583e+00
1.307440855503082311e+00
1.309338452816009468e+00
1.308277382850646875e+00
1.311282396316528320e+00
1.311885700225830176e+00
1.315647985935211262e+00
1.309781014919281006e+00
1.310150368213653493e+00
1.308477923870086768e+00
1.310255091190338117e+00
1.311951611042022625e+00
1.313059628009796143e+00
1.312976410388946524e+00
1.311579537391662553e+00
1.311805114746093848e+00
1.310427055358886816e+00
1.311650366783142063e+00
