2.228252304892208713e-15
7.147060721024445229e-15
1.396539134335128551e-14
2.278732758043133799e-14
8.854028621385623410e-15
2.069178162145135502e-14
2.572941859568800282e-14
1.136590821460004008e-14
1.015854067532018234e-14
2.953193245502916398e-14
6.189493362285247713e-15
8.021361352916756005e-15
3.565203687827533940e-14
5.950101522600448334e-14
2.137179322403426340e-15
2.109423746787797427e-15
1.028344076559051246e-14
3.745267984633926517e-14
1.532801663373106749e-14
7.632783294297951215e-16
2.636779683484746784e-15
1.204591981718294846e-14
1.665334536937734811e-16
4.121702978920893656e-15
