Test 1

Test 2
0.2412672065543949 0.021102281757267999 0.11148134732883121

Test 3
-0.29330866455592391 0.14886381540733259 -0.30890524756521281
-0.19202760893901771 -0.26550916493759857 -0.60877411387409042
0.085377928000648806 -0.1157290010901588 -0.34388876404593183
0.1255426974589757 0.51439651154512467 -0.1736483876937237

Test 4

Test 5

Test 6
-0.067870206336937702 -0.028818485190646899 0.024420416877952999

Test 7
-0.078644254026933494 0.096196792398634406 0.054691133657945597

Test 8
0.078023582250590306 -0.59698162863499327 0.1204520086501277
0.033621324504822699 -0.87352811461154789 0.27959241763421722

Test 9
-0.77808858551301541 0.023422242412378599 -0.62332977834241776

Test 10
0.1130590699508376 -0.052377625110423501 0.8396641652941006

Test 11

Test 12
-0.79781331839805225 0.71651123531264271 -0.91077741233170439
0.088232023686545202 -0.85765620503657036 0.16408709130728799
0.5085096009492831 0.82497597496810393 -0.68808089036676112

Test 13

Test 14

Test 15

Test 16
0.096471833452639599 -0.0102078853922309 0.0398049054290978

Test 17
-0.1080371417935416 0.1042933049685887 0.14440055527211701
-0.1880158543056018 0.092327519170448694 -0.082748250666882697

Test 18

Test 19
0.16465149513946831 0.31579471541782339 0.42819418981664109

Test 20

Test 21
0.066874726975819102 -0.31330832873048842 0.070917059633249804

Test 22
-0.10084765083346781 -0.033010194440648503 -0.16750108395323771
-0.10956070449213411 0.022036111656053299 -0.16284472335786079

Test 23

Test 24
-0.34870167589453821 -0.72159947443135342 -0.6943640208864359
0.15733176352018141 -0.054096560995283101 0.15390993710234399

Test 25
-0.48684470722200868 -0.091586446735931998 0.21994729521778719
-0.11103669040363789 -0.25990888939997941 0.24279184484311139

Test 26
0.18909781955554411 -0.38527817202652892 0.158258996523474

Test 27
-0.32615460992595458 0.87091070781407831 -0.79997307887672109
0.34609032583775229 0.39368902379423493 0.51399574795617042

Test 28
-0.14895085741230629 -0.1005021242336883 -0.67425967489800542

Test 29

Test 30
0.11744085778338099 0.20118220226664871 0.097502690005770304
0.11963412282733089 0.31304874849918202 0.14474322585562599

Test 31

Test 32
-0.032146105286978303 -0.2195914098405207 0.093125636377373394

Test 33

Test 34
-0.62761702136548858 -0.4861054219875891 0.74262507801266586
0.60826547386276042 -0.49672314011359681 0.76418258751658585

Test 35

Test 36

Test 37

Test 38
-0.084048908680683501 -0.053756662498381701 -0.072768788068886398

Test 39
-0.64128928434020238 -0.58240283226198231 0.53089668883660279
-0.061241049328634299 0.050815548383231698 0.1323966928393836

Test 40
-0.1089787324585054 -0.00053934111561659999 0.082932076549454795
0.089871842573145802 -0.00049940219368669995 0.085471263460939098

Test 41
-0.552720877211479 -0.31195064015586299 -0.034980099583698902
0.2266859845301176 0.30694334937058332 0.039237456180292
-0.034490992676140399 0.30187137557775112 0.043625119144972802
0.89893236986030745 -0.13771162598161191 -0.26777165547027709
0.4611833149904741 -0.29009999552023469 -0.054120450132591202

Test 42
0.013123429612423999 0.14984000240771789 -0.32378913302192969
0.41681896781726069 -0.097539473120230397 -0.59560315104755213

Test 43
-0.053332404664356903 -0.0070561634486587003 0.13605492071803121

Test 44
0.050087415703477398 -0.075982169734353497 -0.055016001916421302
0.16734309628152161 -0.082788739350889096 0.1194798529724559

Test 45
0.024376911512638301 0.10274686200298171 -0.48717500656042939

Test 46

Test 47

Test 48

Test 49
-0.57055281364053945 0.91008627644462725 -0.87195473086621411

Test 50
0.48375012689287411 0.020504799954955601 -0.54228100399804136

Test 51
0.052533533461214997 0.1849614176261864 0.24962511171325119
0.052533533461214997 0.1849614176261864 0.37675057128473233

Test 52
-0.31177755791402711 0.44384257076282069 -0.15464820071489291

Test 53

Test 54
-0.52269303737513328 -0.241512679322062 -0.4128168561328075
-0.27020938031468072 -0.086577033903840903 0.23512252501445971
0.11613374591551209 -0.086577033903840903 0.23512252501445971
0.092888300436244103 -0.241512679322062 -0.41281685613280761

Test 55
-0.048067190184605202 -0.16350181420327831 0.0313606994360979
0.069051596054744299 0.063062046475741096 0.053901517663026602

Test 56

Test 57
-0.028949760651349202 -0.083687322252449001 0.36301530643315782

Test 58

Test 59

Test 60

Test 61
-0.47577644882781589 0.24898752549818939 -0.1491304147545687
0.58347409266495254 0.015834793053825801 -0.21581143962477681

Test 62

Test 63
-0.012639254983701101 0.0020657903191576999 -0.0101170254960271

Test 64
0.1482840246128678 0.96923756194421118 -0.30159091678088229

Test 65
0.010155463175358301 -0.51137348109219793 -0.21835792550916699
-0.68768367937211539 -0.64718555286235724 0.031265819385092201

Test 66

Test 67

Test 68
0.0859174651332201 0.087405699080503205 -0.022272710921884001

Test 69
0.66353842453316569 -0.1024871451469701 -0.109469278118832

Test 70
-0.25746172330791461 -0.36103014568401032 0.27758192063965398
0.21675048329168189 -0.18404213123684321 -0.41221623259833118

Test 71
-0.030407394812679799 0.014382140844195999 -0.67911866248957753
0.1836440856409991 0.085022969033663104 -0.7164277471014997
0.47018406393158507 0.018390895993476299 0.018828958563368001

Test 72
-0.19808889672711141 -0.22081843984045091 -0.066428003223096901

Test 73

Test 74
0.17667015656627849 0.36228820853492177 -0.94788944152466381

Test 75
-0.46076765867255759 0.13095418383783419 -0.070366235609583397
0.50682316931371096 -0.066777493296759902 -0.035546153226723699

Test 76
0.0062510195868593996 -0.057331770093089797 0.3105130575424549
0.011589138194846299 -0.057421181162062303 -0.31703391674248971

Test 77
-0.041124993083767103 -0.022039306418595701 -0.206401680512799

Test 78

Test 79
0.1716664482724283 -0.040600077014051397 0.0027253258685609998
-0.36483606118032919 -0.045957661656445201 -0.56602395853689536

Test 80
-0.030489478614400701 0.20084959276801539 0.6595190298397392
0.45271484338881313 0.047681644177925198 0.083031700374741793

Test 81

Test 82
0.67593445920981221 0.68639461155021908 -0.74288295896365997

Test 83
-0.21860186517764019 -0.28572133955326162 -0.11157621551973269
0.19024644544924091 0.208437637226598 -0.0923694948751594

Test 84
0.74557039541565961 0.1163879337887532 -0.1675279606788575

Test 85

Test 86
-0.067302473074323799 0.570019990816376 -0.099633810423028796

Test 87

Test 88
-0.020385709951933301 0.032284180099364498 -0.036000958442857903
-0.020734645632448399 0.089865492589541296 -0.56795581394867412

Test 89

Test 90

Test 91
-0.16224648401344549 0.11118339228583619 -0.30866681042464728

Test 92

Test 93
-0.32741922499634152 0.193888914546787 0.28600592591715401
0.30712751125355758 -0.18538715955474319 -0.38124186044943598

Test 94

Test 95

Test 96
-0.85384222249787978 -0.48951753698929418 -0.17372723935539991

Test 97
-0.1119028276380476 0.023792774731528899 0.13657840750625891

Test 98

Test 99

Test 100

