Test 1
-0.55512224877947258 0.67570783712939253 0.79793166758690626
0.54313373965804446 0.83619301047695338 0.69941548742261761
-0.31314871353001611 0.33188823141439378 -0.31411895602247492
0.32395353647601433 0.24430179613570549 -0.55240285465163796
-0.37057605243700092 0.55875267227194247 0.58991951091954165
-0.32188365618218928 0.38582115517681742 0.38788327294755681

Test 2

Test 3

Test 4

Test 5

Test 6

Test 7
-0.28988151721344568 0.99891762868641698 0.46686425241999718
-0.25303964197551909 0.36735774546374311 0.63985085473805337

Test 8

Test 9
0.93133359640892943 0.25704490055397011 0.4616166521593727

Test 10

Test 11
-0.2524827077588197 -0.027834165832926298 0.69094553291257121
-0.2354332673160042 0.2245016099648123 0.70676636337026333
-0.38505035458721842 -0.50581044818646614 0.62260524739741352

Test 12

Test 13

Test 14
0.28326648247737007 0.083669739892854395 0.2386504778086988
-0.76521255738535621 0.085560762574475605 -0.0141404152102523
-0.82654780759400537 0.086055211149091995 0.0125959368493856
-0.28472215734683942 0.083847324104155102 -0.23733498474595299

Test 15
-0.2407311958030203 -0.57546810481112953 -0.1722196239319892
-0.26991120999504409 0.54989331027912325 0.1675222689486181
0.59849868816322294 -0.84280339363763479 -0.45768142955928548

Test 16

Test 17

Test 18

Test 19

Test 20

Test 21
-0.14371036438667831 -0.1025250630674059 0.49668104994422352

Test 22
0.94591018055713438 -0.91424362624096078 0.086212501528584201
0.92006430176481158 -0.0999950017096118 0.33983153741158451

Test 23

Test 24

Test 25
-0.94418086457852723 -0.55173807324837632 -0.71997821573920939

Test 26

Test 27

Test 28

Test 29
0.4685489301996304 -0.096764422915578199 0.085815369265673999

Test 30
0.81001555608991826 -0.72986359006969925 -0.16749623501554861
0.74598405898721531 0.30000403042009638 0.32077442295085279

Test 31

Test 32

Test 33

Test 34
-0.026227641196530802 0.902928109153039 -0.29265392290587999

Test 35

Test 36

Test 37
0.65891698728719739 -0.60137139628275571 -0.52022397247125751
0.70700383262812094 -0.56903209331656512 0.45240851836460849

Test 38
0.15629863777117861 -0.99718741950619438 0.091791981967361103

Test 39

Test 40
0.064959693505068097 0.42461901542181452 0.79498294464137798
0.0480342043342913 0.52851575654983951 -0.85188499067091783

Test 41

Test 42

Test 43
-0.51197377319222193 0.50891768801467219 -0.53641403977630187
0.77135561463443392 0.44929286296845677 -0.39961838459277937
-0.70022692971640832 0.28681072852441941 -0.3661967940322623
0.55543579032795742 -0.7326394467297116 -0.76724306549253152

Test 44

Test 45

Test 46

Test 47
-0.16809104437987141 0.60962926453362765 -0.63252239892654849
-0.20885198398286259 -0.61899088808058289 0.6964454278824902

Test 48

Test 49

Test 50

Test 51
0.79649392870296076 -0.49604674872915139 0.9232463863059126
-0.20735917035120091 0.43703051248691233 -0.73818506032867337

Test 52

Test 53
0.1114223921488748 0.87767711304550866 -0.3853531259223979
-0.1743932806422738 -0.36018809554950459 0.55794834649045633
-0.81400304371874432 -0.40982237276967498 0.1389523184912603

Test 54
0.94498109250743056 -0.23862328883320921 0.022281091832398601

Test 55
-0.154636933942119 0.95021281986966954 0.5594149184076409

Test 56

Test 57

Test 58

Test 59

Test 60
0.622362942872559 0.82775897247985908 -0.5871805356865698

Test 61

Test 62
-0.037535373188583999 0.56479197546433613 0.21598134515355349

Test 63

Test 64
-0.92333670177795601 -0.96469501253503498 -0.70503645874178855

Test 65
-0.22374251825070329 -0.31335767009137439 0.55064985248079534
-0.2090050432094975 0.12814021497546821 -0.47937955736313248

Test 66

Test 67
-0.32531675608117849 -0.77447506285692957 -0.19760646947699781
-0.30704117073089388 -0.70479404062933204 0.95445277705797482

Test 68

Test 69

Test 70
-0.75600987465835578 0.69175523956326346 0.33822948856338891

Test 71

Test 72

Test 73

Test 74
0.84890538767458856 -0.27113900700796301 0.83147130675322778

Test 75
-0.68299825782146439 -0.16006901240939461 -0.83943417479599303

Test 76
0.44989085429269082 0.4498894789368012 -0.28036511016573251
-0.33834411447974372 -0.22996775411063261 -0.081928505058526793
0.44989085429269082 -0.44988947893680109 -0.28036511016573251
-0.33834411447974772 0.2299677541106428 -0.081928505058533094

Test 77
0.52467826614240776 0.50680407005078676 0.15688399055385241

Test 78

Test 79

Test 80
0.71684710144149599 0.53208075419315526 -0.56586649352043172

Test 81

Test 82
-0.4333814357979987 0.94005744096757116 -0.87932323997619322

Test 83
-0.80587807532431099 0.56025499627697506 -0.40436718176285091

Test 84

Test 85

Test 86
-0.13096069700208821 0.1198019815895901 -0.16476306116312281
-0.1299934561099273 -0.1190603933249845 -0.16545347626579679

Test 87

Test 88

Test 89
0.33791452861916782 0.28416368930130492 -0.89306967456056796

Test 90

Test 91

Test 92
0.55922996489128163 -0.60637791462142998 -0.75234507054213806
0.63712032018592246 -0.6871321262727097 -0.5244991623036811

Test 93

Test 94

Test 95
0.4038132083180318 -0.72802884657779499 0.64337071734776707
0.60062658324026796 -0.55047379045293821 -0.90400017598055304

Test 96
0.131119938363362 -0.68815863434146152 0.41763373916258262

Test 97

Test 98

Test 99

Test 100

