Test 1

Test 2
0.89054387281233527 -0.070890715478624897 0.16969362662459159
-0.8526085845504433 -0.065795830822836202 0.58675652139474865

Test 3
0.66676136607502068 0.33805398889975052 0.066643646338655604
-0.69709041009025108 0.34760776542194399 -0.12837160522635049

Test 4
-0.92243930705727795 -0.055189287622338302 0.16958478022432619

Test 5
-0.23322189488950221 0.0039536073688932003 0.0622819068114688
-0.2241994858736813 0.043476715638042299 -0.24798418087406121

Test 6

Test 7
-0.7893597543679195 0.010180726246934699 0.0330176222460161

Test 8
-0.12612244304025241 0.62473564789750835 -0.2337085605145027

Test 9
-0.29848576018792289 0.31691616840819647 -0.32795715452442109

Test 10

Test 11

Test 12
-0.95777610998416884 -0.31889635574107272 0.21918142633843599

Test 13

Test 14

Test 15
0.12466341344017259 -0.53156304423739509 -0.0106144938106417
0.5266785334735079 0.27686535836175941 -0.0124110979749728
-0.97329188751633577 -0.63305048299015187 -0.95723586931748716

Test 16
0.17597249652167249 -0.1208764794042185 -0.72005588028901324

Test 17
0.55793017442081927 -0.42642309538093037 -0.36856502951923942

Test 18

Test 19

Test 20
-0.095881797469552998 -0.098600586315985506 -0.33575089240530032
-0.066939720665165195 0.46561212155723303 0.7181626519685993

Test 21
-0.66896029280893543 -0.13412419089205749 -0.1650842137948946
0.0441143076587125 0.25178503982280043 -0.8938948809424353

Test 22
0.0671785328030374 -0.022019798390493599 0.25635146898672639

Test 23

Test 24
0.0082593770364785997 -0.0195547265541497 -0.17243349435089231

Test 25

Test 26
-0.74221238854334937 0.47434502898626979 0.099005436381415096

Test 27
-0.073470824586529898 -0.78313418751771435 0.77128004624715452

Test 28

Test 29

Test 30

Test 31

Test 32
-0.26336766271522999 -0.031072859200679599 0.13215305865642621
-0.231551936899866 -0.059761096931407499 -0.26510323824611393

Test 33
-0.4040253225994474 -0.45682317784567872 0.35730459760368488

Test 34
-0.32860697549579898 0.80889037209528036 0.44131111385558941

Test 35

Test 36
-0.6161569436914508 -0.75487555902722292 0.21139781547676861
-0.98392004527471844 0.54072808824601659 -0.18031481119314879
0.44266346255656358 0.64540073294756661 0.13338173571506931

Test 37

Test 38
-0.59631919425983426 -0.017609150848234601 0.2084286223926671

Test 39

Test 40

Test 41

Test 42
-0.48193465506464089 0.61214637185475362 0.097121096392833298

Test 43

Test 44
0.10292467587100761 -0.2287383387858401 0.0043711932277698999

Test 45
0.87897926078222821 0.089817616868954994 -0.119381876946879
0.70112534194260756 -0.071768081936491798 0.14379414006716179

Test 46
-0.0686577452613754 0.62860319040115009 -0.000457865944662

Test 47
-0.16305648236012801 -0.34614171066770522 -0.81509337201306087
-0.0017416794188054 0.48805730862641411 -0.026397295469178

Test 48
-0.066725598379572704 -0.092800772045004004 -0.49429462738485402

Test 49
-0.27007376083679713 0.43751053351691982 -0.68814899231044691
-0.16296023842303589 0.20390766108702571 -0.64254622862610666
-0.11549903440301849 -0.046149109404924303 0.74282642311143943

Test 50

Test 51

Test 52
-0.14844247011211159 -0.028508438919793301 0.20503520947455561

Test 53
0.55161144904439319 0.33263675961508599 0.26421078982373758
0.61905843985478592 -0.26535348320648278 0.39808302323556499
0.51383914771224259 -0.27799406229631818 0.76187813464259357

Test 54

Test 55
0.083703266876183596 -0.65433386130643301 -0.22234539333001799

Test 56

Test 57

Test 58

Test 59
0.34176287113381137 -0.10103732753134979 0.049183239753615597

Test 60

Test 61
-0.42697308189716932 0.081685997628510906 -0.088844864761590606
0.42843909437411221 0.091748055152845107 0.087750423379920006

Test 62

Test 63
-0.68973061337540331 -0.60528570914243696 -0.57301099990755167

Test 64

Test 65
-0.57537182751621296 -0.2205436140403027 -0.88489306107050791
-0.37577834730252307 0.079768621860673905 0.3397342153854816

Test 66

Test 67

Test 68
0.59276547970803695 0.35409337218997372 -0.010392575683598399
0.60600404067467961 -0.35417045826560961 -0.0104587146071464

Test 69

Test 70

Test 71

Test 72

Test 73
-0.20582322100513831 0.069758516846148894 -0.25047430073481558

Test 74
-0.13578110579964889 -0.47354268396339427 -0.1000987300680849
-0.16468716318749249 0.56714135383291664 -0.13018734394624629
-0.109180652217493 -0.922457768799398 -0.24140036040721241
-0.22337096634791401 0.62384100069999149 -0.22506629238602641

Test 75
-0.81725893716654707 0.75946634250427592 -0.44092999794360171

Test 76

Test 77

Test 78
0.3935277913901048 0.15605658954809309 0.71463353256944706
-0.0086253579566031996 0.1352368508777845 0.8573677222019247

Test 79
-0.36926910054230672 -0.76614850926412126 0.75764683075501638
0.49206262532459433 0.55766700527695867 0.57793567295571813

Test 80
-0.031418549850863502 0.0116205556384575 -0.21784403887939849

Test 81
0.17771641701399721 0.076664034121163904 -0.44321385987461709

Test 82
0.48352721391020981 -0.018323955374260899 -0.79262815744449477

Test 83

Test 84
-0.18506534461131199 0.31521998863108103 -0.4633126880503276
0.057616754209869898 -0.56524152092576307 -0.33660385179262042
0.18800774284918281 0.28656870200172918 -0.32617792874969709
-0.020189553116283 0.58779487508755823 -0.35568484111100651

Test 85
-0.30365105094960498 -0.1345838394360428 0.98845551610028237

Test 86

Test 87
0.31111026741003972 0.87710042875915983 -0.47324366629335601

Test 88

Test 89

Test 90

Test 91
0.1199953716637573 -0.26350518787062072 -0.54471528037630312

Test 92
0.11135518628544 -3.151201352517329e-05 0.3779006776945103

Test 93

Test 94

Test 95

Test 96
-0.45485237004845502 -0.58639845612331787 0.055437812094110903

Test 97

Test 98

Test 99
-0.12152700287814309 0.91358358725791922 -0.41902247769718381
-0.25940532656187409 -0.97840117974849461 0.65660572833109188
-0.12315473487375329 -0.9100966576425048 0.44383680691589161

Test 100

