Test 1

Test 2

Test 3

Test 4

Test 5
-0.39900678819889868 -0.13088016770118541 0.026364801172965

Test 6
-0.72377458016950236 -0.19226589228073199 -0.73899278983093075

Test 7
-0.26671106211849988 -0.96878492899016044 -0.40035779679705891
0.69299639321893236 -0.14235016575694559 -0.065182908345036206
-0.7726229919583788 -0.1147973989736666 -0.1031970383305684

Test 8

Test 9

Test 10
0.69203163244241805 0.1113949779702567 -0.58925687728583942

Test 11

Test 12

Test 13

Test 14
0.51769967144822604 -0.76376342287843357 -0.2248967643680434

Test 15

Test 16

Test 17

Test 18
0.14607373119339831 0.62347360579518496 -0.0075548277970036003

Test 19

Test 20

Test 21

Test 22
0.521946207630264 0.16536967544336789 0.1134618364681831

Test 23
0.49122956362291748 0.0469825460678336 0.76790280033695735
-0.47434958883131312 0.034949150711308899 -0.64806147079954624

Test 24
-0.48043634096404952 -0.1703580396769096 -0.0936547670872519

Test 25
0.30625639265759491 0.85778143360765458 -0.24753970052678381
-0.93824911023342317 0.1271887505731806 0.76155405980228341
-0.34025620531772333 0.81822036103140894 0.23922274566604099

Test 26
-0.16297409272020241 0.1095753558165645 0.72174973218107663

Test 27

Test 28
-0.35079509591622909 0.28866958497349943 -0.69634355377202872
0.34044324470111781 0.34871066324635991 0.69078684097075826

Test 29

Test 30

Test 31
-0.32971827972656748 0.51255501508217061 -0.89238652165594279

Test 32
0.43619528894334492 0.15501169369432971 -0.85052227475613162

Test 33

Test 34
0.52241741874037406 -0.64475821142288681 -0.42781458749423767

Test 35

Test 36

Test 37
0.31748759418287759 0.69016361998440778 0.20900737730841559
0.30143754965658281 -0.74845433682937423 0.2069668583193893

Test 38

Test 39

Test 40
-0.79481778081158083 -0.28848269143646449 -0.60128627944549762

Test 41

Test 42
-0.18030130128966229 0.81423060259537339 0.56573435432543895
0.52487875145009311 0.66627295882055615 -0.34156599896541667
-0.31589676700488378 -0.87237501302716969 0.4984329498084471

Test 43
-0.7402441969780833 0.92502529224645758 -0.20012661765814049
-0.37123412260232952 -0.3385006289816645 -0.48132493260655279
0.63526154473152574 0.50051382630045738 0.19475791027125081

Test 44
0.061925314572114698 -0.23253916104063219 -0.18388286828675421
-0.060908562081574399 0.20443705649606611 0.18094917889617501
0.057905385722338602 -0.24245068286062829 0.14158079453734959
-0.057869545606378497 0.22077191578238989 -0.14321292530812929

Test 45
-0.99728573160869582 0.55423520937253856 0.67611161968264599

Test 46

Test 47
-0.35683178344698158 0.27028938015348319 -0.66837045909995219

Test 48
-0.858460506660363 0.91770740295778519 -0.91311486499699024

Test 49

Test 50
0.161574556307957 -0.84843051208754394 -0.4665597723369711

Test 51

Test 52

Test 53
-0.39885339104517642 0.21474569534126051 0.457480969530635

Test 54
-0.17511497743002849 -0.022590272532498099 0.55582216714258115
0.28615923080969358 -0.0216550795863737 -0.64512328186156753

Test 55

Test 56

Test 57

Test 58

Test 59

Test 60
0.28206909898116961 0.65646290492532888 0.092904528939729697

Test 61
0.068807573161932895 0.93824190306746635 0.37525754005619799

Test 62
-0.12009772225024511 -0.1018837914240551 0.4844198823448293

Test 63
-0.82359054675406307 0.040371194161506099 -0.17465379577498211

Test 64

Test 65
-0.073309055340799401 0.83994136319322821 0.85448036655905757
-0.36607453614778868 0.54023246358284061 0.71917201418741472

Test 66

Test 67

Test 68
0.85136064689105717 -0.0650915017339561 -0.028442851197536301

Test 69
-0.071609474008398497 -0.090340660666113098 0.65208462739481188
-0.071732439022734407 -0.090327622147845801 -0.64967607045078257

Test 70

Test 71
-0.30986239265608029 -0.34615294207696451 -0.82670845008512639

Test 72

Test 73

Test 74
-0.066358499132580198 0.091888578037385496 0.78850183277749941
-0.1388057694163064 0.079961134510733098 -0.72962060581269406
-0.066358499132580198 0.76888478135992411 0.7885018327774993

Test 75

Test 76

Test 77
-0.32113565534067001 0.014503092363331299 -0.35270087783649789
0.33871249316694968 0.036509798278004102 -0.38720232450251402

Test 78

Test 79
-0.16560700876259299 -0.030582093590585301 -0.1184182211536058

Test 80

Test 81

Test 82

Test 83
0.98445166556977681 -0.21684320714009819 -0.68027045944256581

Test 84

Test 85
0.37550694461729212 0.53948944559759571 -0.83715623643601711
0.36615603270008013 -0.247718289848636 0.19482971056461301
-0.091391900492976297 -0.47740480730742851 0.447934810924142

Test 86
0.37807978786559249 -0.79029032224482998 -0.1964987437922254

Test 87

Test 88

Test 89
0.32931085755362483 0.89710330230100188 -0.26553882185756877

Test 90

Test 91
-0.082447486932916605 -0.49426520500628629 -0.16186159345200901

Test 92

Test 93
0.049196819279939699 -0.18463325013611709 -0.050145593563437403
0.049255255743607097 0.9237497254685868 -0.040936311712403903
0.049224890743881998 0.24107658683546901 -0.045715009368309897

Test 94

Test 95

Test 96

Test 97
0.6120228046941526 0.44644979266184359 0.3893875852597159

Test 98
0.3830734896099387 0.14515729638162581 0.75385748921697426
-0.37822783769710661 0.13332559767166791 -0.78311364011023221

Test 99
0.2682683031322145 -0.42881342336411332 0.62256535904580357
-0.1706167584388858 0.60295948937632748 -0.31201835931804939
-0.3749183562829117 -0.44784866118185568 -0.81635399863210223
0.15193966607011589 0.53287580211175589 0.34760323694621409

Test 100
0.51640514798902515 -0.064639995729657396 0.0128600911425147

