2.402124621447582903e-14
4.284597224378216000e-14
1.028581517099523367e-13
6.853701638237172118e-14
3.409006492485809961e-14
5.747115836614996587e-14
5.344042294927109746e-14
2.897692936293383426e-14
3.347951987846287393e-14
1.156351909567026068e-13
3.950425293689548839e-14
3.251812339365167670e-14
7.812787621171678187e-14
9.606683998280503051e-14
1.208148164844047301e-14
6.947567521287112413e-15
6.452200969689347865e-14
6.875316288512678398e-14
4.970607530175447097e-14
2.634033858620637681e-15
7.097835675918724932e-15
2.273788796136599899e-14
9.783840404509192012e-16
8.380543172958442687e-15
