7.8637461456621242e-17
1.166698946383337e-16
1.3128393573266235e-16
1.4279620582314233e-16
1.631564442922477e-16
1.2569131410091266e-16
1.2883860558071906e-16
1.3880772023717736e-16
1.338580381841181e-16
1.2053381314142055e-16
1.4071714319193159e-16
1.550181348906232e-16
1.5742834491442849e-16
1.5923611524137993e-16
1.902126721332948e-16
1.9294131044072076e-16
2.2034451130768876e-16
1.731892787628959e-16
2.8601140262586091e-16
1.7329937264566508e-16
2.5199357818919856e-16
2.2918219755179799e-16
3.0713705078737132e-16
2.3622855547691169e-16
2.5824150532340882e-16
2.1846016243351342e-16
2.1369962228255364e-16
2.553522542571702e-16
2.3863225280562353e-16
