0.051901726722717284
0.011265642642974853
0.012267115116119385
0.0146878981590271
0.014815058708190918
0.016165535449981689
0.01677208662033081
0.015470459461212158
0.015637412071228027
0.01851253032684326
0.017906947135925291
0.018636815547943116
0.018512375354766845
0.018680360317230225
0.017183008193969725
0.019353470802307128
0.019753050804138184
0.019798388481140138
0.020431711673736572
0.020988197326660157
0.02104708433151245
0.023072774410247802
0.021313352584838866
0.02366586685180664
0.023525552749633791
0.024168138504028321
0.024373981952667236
0.025056414604187012
0.02432751178741455
