4.5449755070592346e-16
6.6206805662827328e-16
6.6613381477509392e-16
9.9920072216264089e-16
1.3322676295501878e-15
1.0685896612017132e-15
9.7601155410521911e-16
1.1102230246251565e-15
5.5511151231257827e-16
4.9960036108132044e-16
9.7144514654701197e-16
1.1518563880485999e-15
7.9103390504542404e-16
1.4155343563970746e-15
1.5543122344752192e-15
1.4432899320127035e-15
1.457167719820518e-15
9.4368957093138306e-16
2.0539125955565396e-15
2.1094237467877974e-15
2.8588242884097781e-15
1.2073675392798577e-15
1.6341095143701523e-15
2.005340338229189e-15
1.6653345369377348e-15
1.429412144204889e-15
3.0600522116230877e-15
2.1788126858268697e-15
1.6237011735142914e-15
