1.7929341212109644e-14
2.4967357452603412e-14
2.678192288946312e-14
3.5127866632493013e-14
3.2304975969865045e-14
2.3629967050971581e-14
2.2417917371045116e-14
1.6379310987986929e-14
1.7936977116671826e-14
1.7597936718647401e-14
2.1389005765173602e-14
1.9532284996218521e-14
1.8891401389731419e-14
1.4649722602206954e-14
1.902126721332948e-14
2.2381192011123609e-14
1.8949627972461233e-14
1.9743577778970132e-14
2.2880912210068875e-14
1.6290141028692517e-14
2.0159486255135884e-14
2.1084762174765417e-14
1.7199674844092794e-14
2.267794132578352e-14
2.6340633542987701e-14
1.6602972344947021e-14
2.2652159961950685e-14
2.0938884849087958e-14
2.0045109235672376e-14
