[array([[-3.37885934e-02, -5.74935492e-03],
       [ 5.55594921e-15,  5.46665116e-16]]), array([[ 2.81589001e-01, -1.72854601e-01],
       [ 6.58802824e-01, -1.37676778e-01],
       [-1.30958055e-15,  7.62575326e-16]]), array([[-4.67281432e-01, -1.34151816e-01],
       [-7.70822996e-01, -6.14720232e-01],
       [ 5.77971814e-01, -4.67999357e-01],
       [ 9.93576351e-01,  6.77900770e-01],
       [-1.27249596e-15,  3.88330214e-16]]), array([[-7.05319296e-01,  8.23081879e-01],
       [ 8.77958525e-01, -8.41163346e-01],
       [-8.33587722e-16, -7.39182475e-17]]), array([[-1.47235062e-16, -6.53429023e-16]]), array([[ 2.86380447e-01,  1.19326745e-01],
       [-1.22755353e-15, -3.95630024e-16]]), array([[-3.23870989e-01,  9.42608513e-01],
       [ 1.31635796e-01, -2.43052060e-01],
       [ 6.92184803e-01, -3.29724650e-01],
       [-2.73986151e-15,  3.15699969e-15]]), array([[-7.92460700e-01, -2.04633581e-01],
       [-1.97358824e-16, -3.13477178e-16]]), array([[-2.95641364e-01,  2.20408681e-01],
       [ 1.30715932e-01, -8.84876104e-03],
       [ 3.70118143e-01,  1.31262372e-01],
       [-7.42716887e-15,  2.07734365e-15]]), array([[-9.97360635e-16, -2.66172192e-16]]), array([[-9.87590530e-01,  4.89158451e-01],
       [ 7.90326280e-02, -6.15390521e-01],
       [ 1.99413356e-15,  3.50330197e-15]]), array([[ 5.40683244e-01, -2.03213274e-01],
       [-9.47505097e-16, -2.01176207e-16]]), array([[6.71952098e-03, 2.19478639e-01],
       [3.01833567e-16, 2.66608433e-15]]), array([[-2.30156039e-01, -5.97419120e-01],
       [ 2.80858653e-01, -9.62829368e-01],
       [-9.38209610e-16, -1.47009481e-16]]), array([[ 3.10428490e-01,  8.45683829e-01],
       [-9.60191093e-17, -8.07014396e-16]]), array([[-6.04171136e-01,  3.06873069e-01],
       [-5.62051928e-01,  7.38138278e-01],
       [ 3.19365733e-01, -7.73044653e-02],
       [-1.94002666e-15, -2.87891314e-16]]), array([[-1.16217857e-01, -7.42380768e-01],
       [-4.87139684e-16, -1.49493913e-16]]), array([[-8.31169708e-17, -4.70284397e-16]]), array([[-9.59870787e-01,  5.96762224e-01],
       [-1.17904181e-16, -4.84181790e-16]]), array([[-4.94347863e-02, -4.12791214e-02],
       [-4.34459168e-01, -4.94185314e-03],
       [-7.62363922e-15, -7.08394799e-15]]), array([[-9.15670591e-01,  6.28139335e-02],
       [ 9.55620961e-01, -9.62678486e-01],
       [-3.48465270e-16, -4.70847564e-16]]), array([[-3.92517912e-16, -8.59769400e-16]]), array([[ 1.74624006e-01, -7.67311851e-01],
       [-2.51288953e-16,  1.98222594e-16]]), array([[-4.55517847e-16, -3.15795908e-16]]), array([[ 8.52146001e-02,  6.06709117e-01],
       [-6.93023425e-16, -4.29048393e-16]]), array([[ 1.47733609e-02, -3.58908782e-02],
       [-3.72734229e-16,  5.54800419e-16]]), array([[-1.80276949e-01,  3.93345015e-01],
       [-3.18404736e-16,  9.97772393e-17]]), array([[-2.10200957e-16, -4.64517098e-17]]), array([[-5.88708393e-16, -3.85949571e-16]]), array([[-1.09435405e-16, -8.03015557e-17]]), array([[ 3.57516777e-17, -5.49977542e-16]]), array([[ 1.00701149e-16, -2.72836474e-16]]), array([[-2.85204505e-16,  4.51380058e-16]]), array([[-7.40267766e-17, -7.38586433e-16]]), array([[ 1.82412090e-01,  9.12527514e-01],
       [ 4.95662636e-16, -4.81064314e-16]]), array([[ 1.06128379e-01, -9.05245763e-02],
       [-6.77496999e-16,  5.99661429e-17]]), array([[-1.44634527e-16,  2.45039386e-16]]), array([[ 7.21186991e-02, -7.40354780e-02],
       [ 1.44460012e-15, -2.04924353e-15]]), array([[-1.97850991e-01, -3.11649793e-01],
       [-2.02012299e-16, -3.78738449e-16]]), array([[-3.95871647e-16, -2.69186530e-16]]), array([[-1.90423988e-16, -2.73176786e-16]]), array([[-3.75800889e-16, -4.03387707e-16]]), array([[-3.79505371e-02, -2.64195049e-02],
       [-5.36533600e-01,  9.85789572e-01],
       [ 3.95362319e-15,  2.99032268e-15]]), array([[-4.28852935e-15,  4.52980435e-15]]), array([[-3.45094501e-01,  4.41970945e-01],
       [ 7.64007932e-01, -4.92083218e-01],
       [ 9.05223894e-16, -1.18530642e-15]]), array([[-1.55364741e-01,  3.57446518e-01],
       [ 2.01454391e-01, -1.44426269e-01],
       [ 5.63138826e-01,  4.89298179e-01],
       [-1.22879944e-15,  7.74304430e-16]]), array([[-7.45873347e-16, -1.88270691e-16]]), array([[-4.63099944e-01,  2.35191455e-01],
       [ 2.73485098e-15, -3.06228943e-15]]), array([[-6.96989201e-01,  1.22975655e-01],
       [-1.57576885e-16, -1.56699809e-16]]), array([[-4.34013903e-04, -8.12979115e-01],
       [-2.47975237e-01,  4.37144028e-02],
       [-6.64097125e-01,  7.81498231e-01],
       [ 6.46450371e-01, -2.46996034e-01],
       [ 9.09929807e-16, -2.78066330e-16]]), array([[ 6.66734228e-02, -5.88076193e-02],
       [ 4.07260273e-01,  5.84849839e-02],
       [-1.21397098e-15,  4.91294523e-16]]), array([[-7.02631373e-01, -3.15492136e-01],
       [ 1.04825334e-01,  5.90694564e-02],
       [ 3.74324800e-01,  9.06150998e-01],
       [-1.00836461e-15, -6.04881486e-16]]), array([[-1.24700673e-15, -4.36452536e-16]]), array([[-4.42039289e-16, -5.99457459e-17]]), array([[-7.48823668e-01, -6.70200944e-01],
       [-4.99532118e-02,  2.59600544e-04],
       [ 2.14529430e-15, -4.24619625e-17]]), array([[-9.54727826e-01, -8.61660626e-01],
       [-1.69097597e-18,  3.76316036e-16]]), array([[ 1.07884661e-01,  5.07325399e-01],
       [-7.72037407e-16, -1.21163326e-15]]), array([[-8.06249183e-01, -9.27656612e-01],
       [ 6.52100026e-01,  6.76004474e-01],
       [-2.92180150e-16, -1.86485592e-16]]), array([[-4.14327448e-01, -8.25897204e-01],
       [-3.24035668e-16, -3.61679373e-17]]), array([[ 1.82080587e-01,  7.14425977e-02],
       [-4.04507482e-15,  2.57422782e-15]]), array([[ 6.55685766e-01, -5.87619591e-01],
       [-6.21305811e-16, -5.07147214e-17]]), array([[-9.91466355e-16, -5.76582487e-16]]), array([[-1.38721157e-01, -1.89017683e-01],
       [ 7.76609542e-01, -3.16201707e-01],
       [ 7.25519978e-16,  9.97152472e-16]]), array([[6.39387293e-01, 3.13570956e-01],
       [7.86197864e-17, 2.88338438e-16]]), array([[-4.43799383e-01,  5.41182398e-01],
       [-3.49298889e-16, -1.89038183e-16]]), array([[-7.98084051e-01,  4.96311910e-01],
       [ 5.04231728e-01, -6.23686669e-01],
       [ 2.75591414e-17, -8.68860609e-16]]), array([[-2.62275224e-16,  8.10315802e-17]]), array([[ 2.17431254e-01, -1.06730429e-01],
       [-1.97802819e-15,  8.88677354e-16]]), array([[-8.75110263e-02, -2.10651508e-01],
       [-1.05497602e-16,  8.64909186e-17]]), array([[-1.26112596e-16, -3.26583679e-17]]), array([[-4.61367686e-01,  2.81230314e-01],
       [ 7.88689875e-01, -5.40240984e-01],
       [-1.13589394e-16, -2.73811689e-16]]), array([[-8.36565384e-02, -3.58241243e-01],
       [-1.78752360e-01,  9.10389754e-01],
       [-8.23180374e-18,  1.11336583e-15]]), array([[-1.13608373e-01, -8.50910949e-01],
       [-3.01546806e-16, -3.35196847e-16]]), array([[ 7.37258991e-02, -3.62927526e-01],
       [-2.80884897e-16,  5.28475831e-16]]), array([[ 2.38484003e-02,  3.39328224e-02],
       [-4.69088800e-15, -6.74832706e-15]]), array([[-3.77130989e-01, -7.78159800e-01],
       [ 7.91582508e-01,  5.93649541e-01],
       [-3.15232352e-16,  1.29682992e-16]]), array([[ 1.63094580e-01, -4.08959207e-01],
       [ 6.55481106e-16,  1.35250289e-15]]), array([[-4.08435698e-03,  1.57162948e-01],
       [-1.78951674e-17, -4.68025025e-16]]), array([[-1.47078088e-02, -3.39140967e-01],
       [-8.93956163e-02,  4.37849965e-01],
       [-6.64987541e-16,  3.70236014e-15]]), array([[ 2.37349976e-16, -6.12287644e-16]]), array([[ 1.67139741e-01,  2.93339588e-01],
       [-7.40991776e-16,  2.67246444e-17]]), array([[-3.20637372e-01,  5.54735869e-01],
       [-3.31283292e-16, -5.20881376e-16]]), array([[-7.21030308e-01,  2.74833486e-01],
       [ 1.73354574e-01, -5.74925883e-01],
       [-4.00351381e-16,  9.69994094e-17]]), array([[-1.19210907e-01,  4.20993646e-01],
       [-2.32108385e-16, -4.77391699e-16]]), array([[-3.78776131e-02,  4.24812957e-02],
       [-1.15484196e-15,  7.80744353e-16]]), array([[-1.98656732e-01, -3.68963183e-01],
       [ 1.98080380e-16, -1.19531255e-16]]), array([[ 1.93325823e-01,  3.72437487e-01],
       [-6.65901631e-16, -7.64036584e-16]]), array([[ 3.21961627e-02,  4.63728870e-02],
       [ 7.29017615e-01,  3.47564449e-01],
       [-1.44192129e-15, -2.42753822e-15]]), array([[ 3.87630016e-02,  6.69780557e-01],
       [-3.08588099e-16, -1.16720372e-15]]), array([[-7.45400162e-01,  2.41238871e-01],
       [ 1.63249387e-01, -1.66318784e-02],
       [ 9.30162444e-16, -4.81628416e-16]]), array([[-5.61781376e-01, -8.71333285e-01],
       [-4.90674651e-03,  5.70114155e-02],
       [ 9.86061005e-17,  1.30933119e-16]]), array([[ 4.57964084e-02, -6.78832912e-01],
       [-1.63874099e-16,  2.25860219e-16]]), array([[-5.67976333e-01, -6.04166352e-01],
       [ 9.62819775e-01, -9.52814157e-01],
       [-2.22713960e-16,  1.37366635e-16]]), array([[ 1.16980235e-01, -2.06467254e-01],
       [ 6.61956308e-01, -4.67303515e-01],
       [-6.74428060e-16,  1.04706157e-15]]), array([[-3.44878438e-01, -4.98668509e-01],
       [-2.78010165e-01, -3.43306928e-02],
       [ 2.26344519e-16,  1.79297723e-16]]), array([[-6.22371695e-01,  8.42475311e-01],
       [-1.87426978e-16, -1.13523732e-15]]), array([[-3.46666353e-16, -1.83513928e-16]]), array([[ 4.31380459e-16, -8.17168467e-16]]), array([[-7.79515300e-01, -6.88317256e-01],
       [ 7.46922831e-17,  1.09846977e-15]]), array([[ 2.04515511e-01, -2.35004242e-02],
       [ 5.66129434e-01, -5.57164074e-01],
       [ 4.22123380e-01,  8.53945979e-01],
       [ 4.61558416e-01,  5.71983452e-01],
       [ 7.69350830e-16, -6.11173344e-16]]), array([[-1.16402927e-15, -6.33016865e-16]]), array([[-1.74638737e-16, -3.40720940e-17]]), array([[ 2.74618894e-01, -4.54168365e-02],
       [-8.89018158e-16, -1.22053997e-16]]), array([[-2.05411707e-16,  8.15262340e-17]]), array([[-9.77662480e-01,  7.08542567e-02],
       [ 4.01283011e-16, -2.01454562e-16]]), array([[-3.93369458e-01, -7.85072448e-01],
       [-2.97631777e-17, -3.11145887e-16]]), array([[-2.46567745e-01,  6.02781514e-01],
       [-4.86495264e-15,  7.22462431e-15]]), array([[-4.33880855e-01, -7.67696011e-01],
       [-1.27846430e-16, -3.15012314e-16]]), array([[-4.25244988e-01,  8.26578298e-01],
       [ 3.14099062e-01,  3.80604155e-02],
       [ 7.69113280e-03,  8.97233804e-01],
       [-6.24610954e-17, -2.05062623e-16]]), array([[-5.34447564e-16, -6.24158555e-16]]), array([[ 8.43313296e-01, -8.23977394e-01],
       [-5.36157871e-16, -4.28737711e-17]]), array([[-8.66752951e-01, -1.73211120e-01],
       [ 3.94918089e-01, -6.04845793e-01],
       [ 3.83158240e-01,  1.38867149e-02],
       [ 1.04101273e-15, -7.27666484e-17]]), array([[-3.29745111e-02, -6.04028890e-02],
       [-9.83715978e-01, -3.16082287e-01],
       [ 8.90135316e-01,  5.03781753e-01],
       [ 9.41177624e-01,  7.45532502e-01],
       [ 1.57366266e-01,  5.89833811e-01],
       [ 5.68210390e-16,  1.19929290e-15]]), array([[-1.11395213e-01, -4.78110620e-02],
       [-2.58727615e-01, -1.88604620e-01],
       [ 8.03488437e-01, -8.04964166e-01],
       [ 7.71212920e-01,  5.17367830e-01],
       [-1.39572772e-15, -4.34669519e-16]]), array([[-5.00514213e-02, -6.87698262e-02],
       [ 3.39434372e-01,  1.92674894e-01],
       [ 4.70826260e-01,  5.41688450e-02],
       [ 9.86997142e-16,  1.19915577e-15]]), array([[7.33135058e-16, 1.09938949e-15]]), array([[ 3.59871625e-17, -1.46531134e-16]]), array([[-4.50284293e-17, -2.82217994e-16]]), array([[-1.68943108e-16, -7.38552815e-16]]), array([[ 1.99651633e-02, -5.12573909e-02],
       [ 6.72846005e-03,  5.83810812e-01],
       [ 2.03842841e-16, -1.88214707e-15]]), array([[ 9.35858948e-01,  8.73326153e-01],
       [-4.69152867e-16, -6.04955868e-16]]), array([[ 6.75535961e-01,  3.40348893e-01],
       [ 4.19563765e-01,  2.54992262e-01],
       [-6.95105829e-16, -7.82039302e-16]]), array([[ 3.42612798e-02,  7.56171445e-01],
       [-3.40749155e-16, -2.69213108e-17]]), array([[-4.33337084e-16, -2.70017012e-16]]), array([[-1.17537551e-01,  3.28646713e-01],
       [-6.55919048e-17, -3.08924731e-16]]), array([[ 8.79825728e-02, -1.84817271e-01],
       [-7.19946219e-16,  3.54261404e-16]]), array([[-7.30542743e-16,  1.93033690e-17]]), array([[ 5.48129570e-01, -8.89941265e-01],
       [-2.01936235e-16, -2.94103325e-16]]), array([[ 1.32161671e-01, -4.74604599e-01],
       [ 3.85264343e-02,  5.05053668e-01],
       [-2.00284519e-16, -1.35286324e-16]]), array([[-8.76126286e-01,  1.10787234e-01],
       [ 9.24829704e-02, -1.15885907e-01],
       [-2.03175999e-15,  1.18656360e-15]]), array([[ 6.45333853e-01, -8.26444725e-01],
       [-6.36304921e-16, -7.97112354e-17]]), array([[-1.20847056e-01, -1.70066931e-01],
       [ 6.31437623e-16,  1.15701753e-15]]), array([[ 2.29864664e-03, -1.78697286e-02],
       [-3.11370587e-15,  2.23951860e-14]]), array([[-1.12727852e-15, -9.16088226e-16]]), array([[-6.13518441e-17, -6.68953373e-16]]), array([[-1.81565657e-16, -2.15639806e-18]]), array([[-3.18497382e-16, -5.38147163e-16]]), array([[-1.63773837e-01, -4.67505504e-01],
       [-2.58309086e-17,  6.21592761e-16]]), array([[-7.02451457e-02, -3.75783111e-01],
       [-4.75522413e-01, -6.40453313e-01],
       [-7.05399382e-03,  1.30053822e-01],
       [-1.54899260e-16, -1.69779086e-15]]), array([[-1.82629163e-02,  8.30359021e-02],
       [ 1.21368544e-15, -9.03801652e-15]]), array([[-8.10981999e-01,  4.26956129e-01],
       [-1.70016133e-15,  2.69811039e-16]]), array([[ 5.71259064e-01, -5.47650906e-01],
       [-9.93355004e-16, -1.47331033e-15]]), array([[-9.21519042e-17, -3.43068068e-16]]), array([[-3.04082566e-17, -2.93656475e-16]]), array([[-2.09889616e-01, -8.74291584e-01],
       [-3.99200025e-01,  3.41802210e-01],
       [-1.88072775e-01,  6.83328365e-01],
       [ 5.01694473e-01,  7.36520984e-01],
       [-1.25306473e-16, -1.81286644e-17]]), array([[ 9.10053719e-02, -5.30168920e-02],
       [-2.99012052e-15,  1.28615309e-15]]), array([[-2.63728259e-16, -4.12471194e-16]]), array([[-4.65914101e-02, -5.78071815e-02],
       [-2.17940779e-01, -4.63124359e-01],
       [ 1.53121990e-01,  1.03635028e-01],
       [ 4.30595449e-15,  4.84612256e-15]]), array([[-3.14389955e-01, -4.16085564e-01],
       [-3.08134782e-04, -3.92393858e-01],
       [-1.24384237e-01,  8.74974814e-02],
       [ 5.31590645e-16,  3.55039532e-17]]), array([[-4.96721604e-16, -1.82542052e-15]]), array([[ 7.69912175e-02,  9.95060252e-02],
       [ 1.96938372e-03,  7.55448092e-01],
       [-1.11838111e-15, -1.26779032e-15]]), array([[-2.10418739e-01,  4.00288535e-01],
       [-1.92084045e-16, -1.89148752e-17]]), array([[-2.20197769e-01,  1.39482285e-01],
       [ 3.28672794e-01, -3.61966311e-01],
       [-4.74478704e-16, -3.83671901e-16]]), array([[ 2.77690753e-01, -1.39945955e-01],
       [ 6.15265990e-18, -6.99634564e-16]]), array([[-9.05385376e-16, -1.28993625e-16]]), array([[ 7.99216509e-01, -1.52301652e-02],
       [ 9.81019131e-01,  3.32497885e-01],
       [-1.00610499e-17,  4.10230972e-17]]), array([[-5.98612007e-02,  2.27795830e-01],
       [ 4.99563849e-17, -6.88427341e-16]]), array([[ 5.43575226e-01, -4.06928896e-01],
       [-9.23839311e-16,  1.19310109e-17]]), array([[ 8.55476584e-02, -5.18521244e-01],
       [-1.85620622e-16,  2.60689720e-16]]), array([[-2.55822761e-01, -3.12786499e-01],
       [-2.69227684e-02,  1.76530103e-01],
       [-3.82670861e-01,  2.77869026e-01],
       [ 1.34918285e-16,  1.13193289e-15]]), array([[-5.39093913e-01, -6.28801913e-01],
       [-8.89901545e-01,  5.11495741e-01],
       [ 7.76123370e-01, -5.62789383e-01],
       [ 8.93152650e-01, -9.14099669e-01],
       [-4.68854933e-16, -2.80785364e-16]]), array([[-5.86096276e-01,  5.65323052e-01],
       [-2.64074538e-15, -1.78800115e-15]]), array([[-2.52224308e-16,  5.83259659e-16]]), array([[-1.26565458e-01, -3.88548389e-01],
       [ 3.05973977e-01,  5.75452935e-01],
       [-1.41472413e-16,  6.37468473e-16]]), array([[-4.75722237e-16, -2.41976747e-17]]), array([[ 1.69862330e-01,  9.99880813e-02],
       [-1.65794753e-15, -1.61780109e-15]]), array([[-9.75874376e-03, -2.48348756e-01],
       [-2.54176996e-16,  1.71602564e-15]]), array([[ 1.89272042e-01, -1.22879106e-01],
       [-1.05190693e-15,  3.20576237e-16]]), array([[ 4.78422294e-01, -7.56195874e-01],
       [-4.06518725e-16, -8.60268381e-17]]), array([[-1.78841159e-01, -8.76132525e-03],
       [ 6.10476580e-01,  9.10710931e-01],
       [ 1.52861593e-15,  1.18179387e-16]]), array([[-9.89445668e-02,  1.96259824e-02],
       [ 7.24353082e-01, -1.46330109e-01],
       [ 5.91237045e-15, -1.54760624e-15]]), array([[-9.46292869e-01, -1.81318497e-01],
       [ 1.74180789e-01,  4.18832146e-01],
       [ 5.58179878e-16, -1.00144670e-16]]), array([[ 1.30471452e-02, -1.06369797e-01],
       [-2.45809043e-17, -2.57338342e-15]]), array([[-3.23691899e-16, -1.77020433e-16]]), array([[ 4.10490944e-01, -5.11422772e-01],
       [-8.63478891e-16, -6.78544336e-16]]), array([[-4.40559522e-01,  8.46203111e-02],
       [ 6.20715310e-01, -2.89388263e-01],
       [ 2.12938050e-16, -3.94676479e-16]]), array([[ 4.23734382e-01, -4.57043150e-01],
       [-2.52154940e-16,  1.49362722e-16]]), array([[3.49769553e-17, 3.71234072e-17]]), array([[-2.99474447e-17, -9.18778357e-17]]), array([[ 2.88223173e-01,  5.91429121e-01],
       [ 9.24460305e-16, -1.60999000e-15]]), array([[-2.75258515e-03,  9.70714664e-03],
       [ 6.24910528e-01, -7.21585027e-01],
       [ 3.32963764e-15, -1.33456812e-14]]), array([[-3.85407748e-01, -3.46497616e-01],
       [-4.92673193e-01,  9.65115913e-01],
       [-1.13436620e-01,  9.88930066e-01],
       [ 7.00906118e-01,  1.38930996e-01],
       [-6.53321144e-16, -2.83065157e-16]]), array([[-2.4970765e-15, -1.5970328e-15]]), array([[-3.80288564e-16, -2.81128161e-16]]), array([[ 1.62910057e-01,  1.14984759e-03],
       [-3.41995342e-01, -1.04584389e-01],
       [ 1.66555723e-15,  9.43029580e-18]]), array([[-9.24565717e-01, -1.80368889e-02],
       [ 3.43823080e-01, -1.37713630e-01],
       [ 1.31937991e-16, -4.47715114e-16]]), array([[-1.39231641e-16,  7.33572243e-17]]), array([[ 3.12780740e-01,  1.39441947e-01],
       [-1.00178495e-15, -3.98088020e-16]]), array([[-8.40086330e-01, -6.60582092e-01],
       [-1.70075959e-16, -1.09390688e-16]]), array([[-2.74658873e-16, -5.55062310e-16]]), array([[5.22182108e-16, 3.68781502e-15]]), array([[ 3.86489101e-01, -9.88990729e-02],
       [ 7.63906886e-15, -2.04943176e-15]]), array([[-6.22749488e-01,  8.46263200e-01],
       [-3.35694470e-16, -6.56165275e-16]]), array([[ 6.34337778e-02,  1.27097538e-01],
       [-1.10140748e-15, -1.00421132e-15]]), array([[-4.06326730e-16, -3.22636879e-16]]), array([[-6.70417116e-02, -1.55370889e-01],
       [-7.19014718e-01, -2.30400651e-01],
       [-4.58885090e-16, -9.46806658e-16]]), array([[ 6.49825721e-01, -7.41288266e-01],
       [-4.62221250e-16, -4.38810505e-16]]), array([[-3.05584789e-16, -4.91016681e-16]]), array([[ 3.71449844e-01, -2.28310728e-01],
       [ 1.51099053e-18, -3.01181446e-16]]), array([[-1.82670882e-01,  4.19618957e-01],
       [-1.11289756e-16, -6.33217344e-16]]), array([[ 2.57084996e-16, -6.46556058e-17]]), array([[ 3.98513317e-16, -5.41953874e-16]]), array([[-1.15750200e-01, -6.35418617e-01],
       [-4.53187251e-01,  2.54820462e-01],
       [ 2.42305575e-17, -2.80271284e-16]]), array([[-3.55413128e-16,  1.16881468e-17]]), array([[-4.06405022e-01,  4.61156358e-01],
       [-4.73763596e-16, -1.95824156e-16]]), array([[-5.71379474e-02, -3.29501122e-01],
       [-3.16588422e-02,  1.08532108e-01],
       [-1.04216744e-15,  3.26588643e-15]]), array([[-1.63217515e-02,  8.10656142e-01],
       [ 1.26534436e-16, -2.69078335e-16]]), array([[ 1.00531402e-01,  4.68602863e-01],
       [-4.57386827e-16, -1.34544413e-15]]), array([[-3.83950179e-02,  1.60478137e-02],
       [ 4.19549774e-01,  7.47991500e-01],
       [ 1.10590760e-14, -4.46254351e-15]]), array([[-3.21289144e-01, -3.72497384e-02],
       [ 4.20523242e-01, -4.17850517e-01],
       [ 2.33915100e-19, -6.57229117e-16]]), array([[-2.01491827e-01, -6.66457906e-01],
       [-1.23526917e-16,  2.80147299e-16]]), array([[ 2.97975698e-01,  5.23350350e-01],
       [-3.03843368e-16, -7.95470808e-16]]), array([[-9.12446745e-01,  9.13429261e-02],
       [-9.60866373e-01,  9.74778517e-01],
       [ 1.15393852e-01, -5.54001155e-01],
       [-1.41742253e-16,  5.95238732e-17]]), array([[-9.94944719e-16,  1.49842879e-16]]), array([[-3.03491543e-01,  1.96033723e-01],
       [-5.21982171e-01,  6.02026553e-01],
       [ 1.84593474e-15, -1.02367755e-15]]), array([[-2.69647094e-16, -1.09023562e-16]]), array([[-3.85587540e-16, -2.48732236e-16]]), array([[-1.39206160e-01,  5.20732814e-02],
       [-6.62835743e-01,  2.75467630e-01],
       [ 2.45612935e-01, -8.18757318e-01],
       [-1.99972555e-15,  4.59159412e-16]]), array([[-6.26208326e-16, -3.29933306e-16]]), array([[ 5.43918403e-01,  9.55145200e-01],
       [-3.05347195e-15, -2.27417681e-16]]), array([[-4.23580820e-01,  5.36429958e-01],
       [-3.88580222e-01, -3.26320791e-01],
       [ 1.89024835e-17,  1.26289606e-15]]), array([[-9.93747381e-02,  7.39832484e-01],
       [-7.81210072e-16, -4.48476585e-16]]), array([[-6.03706037e-01,  6.71510259e-01],
       [ 7.49113006e-02, -7.18730926e-02],
       [-1.47219396e-17, -6.37653978e-16]]), array([[ 2.80442479e-16, -5.62565099e-16]]), array([[ 8.34804220e-01, -8.93035639e-02],
       [-3.28691568e-16, -3.54198018e-16]]), array([[-2.60240995e-16,  4.88991246e-16]]), array([[-1.09568516e-01,  1.79907059e-01],
       [ 1.93036309e-01, -5.80181803e-01],
       [-5.05732799e-16,  4.43604555e-16]]), array([[ 3.44931443e-01,  4.11200135e-01],
       [-1.20053249e-15, -1.58626533e-15]]), array([[-4.79554626e-01,  8.43454918e-01],
       [ 1.19904460e-01, -1.56916953e-02],
       [-4.08450152e-15,  1.49218610e-16]]), array([[-5.30016794e-16, -1.32953804e-15]]), array([[-3.83687937e-16, -9.04911548e-17]]), array([[ 4.31564737e-02, -4.51602771e-01],
       [ 1.34517092e-15, -3.50123457e-15]]), array([[1.58894003e-16, 6.50971611e-16]]), array([[-6.34607125e-02, -1.27567416e-01],
       [ 2.82400629e-16,  7.73895084e-16]]), array([[ 1.56681802e-01, -9.32516362e-01],
       [-2.63079677e-16,  3.47637241e-17]]), array([[ 6.72976050e-01, -3.04259447e-01],
       [-2.74802260e-16, -3.64597034e-16]]), array([[-3.43746370e-01,  5.11050560e-01],
       [ 1.41451562e-01, -3.81361214e-01],
       [-3.95860306e-16, -6.08028286e-17]]), array([[-4.66366888e-01, -4.61549737e-01],
       [ 2.92109463e-02,  2.05434668e-02],
       [ 9.44629988e-15,  6.58527117e-15]]), array([[ 1.80877662e-01, -5.41706796e-01],
       [-1.35736523e-15, -9.42595302e-16]]), array([[-5.61502088e-16, -6.17685064e-16]]), array([[-7.39733323e-01,  7.12066363e-01],
       [ 9.49052089e-01, -2.16732643e-01],
       [-1.47078711e-16, -3.96774828e-16]]), array([[ 9.23170350e-01, -7.08305990e-01],
       [ 9.29952968e-01,  2.99272754e-01],
       [ 6.95056968e-01,  4.98635220e-01],
       [ 1.57831966e-16, -1.03719797e-15]]), array([[-8.67466787e-16, -9.21104021e-16]]), array([[-7.17889283e-01, -7.32937997e-01],
       [-6.29521861e-16, -2.89607952e-16]]), array([[-2.60631718e-01, -3.42732287e-01],
       [-2.17454846e-01,  8.50758674e-01],
       [-3.71926888e-16, -1.18878330e-16]]), array([[ 3.11396576e-02, -1.35417300e-01],
       [-8.23755414e-16,  4.31774162e-16]]), array([[ 1.50363189e-01,  3.50655872e-01],
       [-2.39904018e-16, -1.05925881e-15]]), array([[-7.74151467e-01,  8.01466459e-01],
       [-2.80438394e-16, -5.69398132e-16]]), array([[ 2.71852861e-01, -1.24482536e-01],
       [ 4.47170229e-16, -8.63826979e-16]]), array([[ 6.54311869e-02,  1.02613548e-01],
       [ 2.76007716e-01,  7.49299286e-01],
       [-4.14850777e-15, -6.44425581e-15]]), array([[-6.77088144e-01, -1.97805152e-01],
       [-5.66247145e-01, -2.95088121e-01],
       [-8.19566498e-01,  9.57286622e-01],
       [-1.51338004e-16, -4.91295116e-16]]), array([[-2.80109989e-01, -7.84867941e-01],
       [-7.44667421e-18, -2.79189188e-17]]), array([[-6.31973871e-04,  3.95984910e-02],
       [-5.40486861e-16, -2.48494575e-15]]), array([[-8.54141623e-01,  3.35238224e-01],
       [-1.81681259e-16, -4.10494531e-16]]), array([[-5.54024527e-02, -2.82317178e-02],
       [-3.15042714e-01, -4.25106198e-01],
       [ 6.14669771e-01, -7.21837374e-02],
       [-1.93627400e-15, -1.54654360e-15]]), array([[ 4.73874733e-01,  1.21207053e-01],
       [-3.12037010e-16, -4.70929533e-16]]), array([[-1.58251332e-01, -1.25039722e-01],
       [ 9.85000506e-01,  8.26493600e-01],
       [-4.02191579e-16, -3.52905513e-16]]), array([[-8.62815935e-16, -4.99599385e-16]]), array([[-4.39791055e-01, -1.91532974e-01],
       [ 5.20856628e-16,  5.14387746e-17]]), array([[-1.41454311e-16, -2.87294359e-16]]), array([[-3.53847976e-01, -2.47623778e-01],
       [ 6.86011805e-01,  5.82331245e-01],
       [-4.81077151e-16, -9.50856619e-16]]), array([[-1.41869123e-01, -6.50314764e-01],
       [ 6.71703069e-01, -8.92054509e-01],
       [-3.37884133e-16,  3.33450775e-15]]), array([[ 4.70420884e-01,  3.92333645e-01],
       [-2.75161396e-16, -6.23115839e-16]]), array([[ 3.51066520e-01,  3.10782131e-01],
       [-2.75016451e-16, -1.02864141e-16]]), array([[-4.85057393e-16, -5.21182362e-16]]), array([[-7.83272437e-02,  5.41481582e-01],
       [ 6.99519421e-02,  2.97873696e-01],
       [-1.10384804e-15, -6.07836753e-16]]), array([[-5.23347104e-16, -3.97259632e-16]]), array([[2.79419451e-02, 1.34165609e-01],
       [1.11530596e-01, 7.79805101e-01],
       [3.24534021e-15, 1.70662450e-14]]), array([[ 6.51854639e-01, -1.94696250e-01],
       [-3.06703885e-16, -5.57963358e-16]]), array([[ 6.58062932e-01,  6.01802575e-01],
       [ 1.72320826e-15, -2.75250662e-16]]), array([[-4.14747735e-15, -2.24206620e-15]]), array([[ 5.37180203e-01,  7.93410645e-01],
       [-2.73879313e-16, -9.61348840e-16]]), array([[ 3.62246439e-01,  2.68976608e-02],
       [-4.98194763e-01, -3.70064478e-01],
       [ 2.06147801e-16, -8.15534720e-17]]), array([[-3.57793910e-01, -8.46740565e-01],
       [-8.06594353e-01,  2.78834284e-01],
       [ 3.66396021e-01,  5.41704362e-01],
       [-1.28384580e-16,  3.28030002e-17]]), array([[ 1.39633476e-01, -2.34522495e-02],
       [ 4.04709323e-01,  2.12556651e-03],
       [-7.84885187e-15,  1.84913706e-15]]), array([[-3.38106139e-16, -1.54033708e-15]]), array([[ 3.76679535e-01, -3.82384370e-01],
       [-2.81888573e-16,  5.12453669e-17]]), array([[-1.28492061e-15, -3.75767181e-16]]), array([[-5.34178167e-02,  5.32946280e-01],
       [ 1.83023262e-01, -4.16761276e-01],
       [ 6.17776066e-01,  3.89087405e-01],
       [-3.63528933e-16,  7.38458344e-16]]), array([[ 1.38067878e-02, -3.36913202e-01],
       [-3.76456044e-16,  4.06053849e-16]]), array([[-9.01616639e-01,  7.44686915e-01],
       [-2.03745038e-16, -3.57645962e-16]]), array([[-3.57556327e-15, -2.22280622e-15]]), array([[-7.19710336e-01,  9.00092998e-01],
       [ 1.74720334e-01,  1.22155689e-01],
       [ 7.53320637e-01,  6.21731878e-01],
       [-1.70972894e-15, -1.32872314e-15]]), array([[-6.10174459e-01,  6.20980049e-01],
       [ 2.26565932e-16, -1.31192533e-15]]), array([[-1.73102294e-01, -1.93812480e-02],
       [-1.61003972e-16, -4.23334020e-16]]), array([[ 1.13969752e-16, -4.49581204e-16]]), array([[ 1.27186656e-02,  9.30240024e-02],
       [-5.32047745e-16, -6.95852796e-16]]), array([[-4.71291447e-01,  8.26573845e-01],
       [ 1.53274507e-01, -5.25595840e-01],
       [-6.78187493e-16,  2.61066005e-16]]), array([[ 2.94617356e-17, -7.83828511e-17]]), array([[-3.96345744e-16, -1.80890841e-16]]), array([[-2.85110312e-16, -5.61371209e-16]]), array([[-2.03881286e-01, -6.74818463e-01],
       [ 3.67975295e-17, -3.33794774e-16]]), array([[ 2.73630525e-02,  8.28130173e-02],
       [-1.12932359e-15, -2.90069392e-15]]), array([[-9.36703377e-02, -1.57421128e-01],
       [-2.31329646e-15, -2.08445883e-15]]), array([[-4.61216918e-02,  9.42581832e-01],
       [-6.22222518e-16, -4.17211153e-16]]), array([[-5.22009437e-01,  1.08709121e-01],
       [ 1.17765492e-16, -2.88174102e-16]]), array([[-3.22611471e-02,  7.64204296e-01],
       [ 8.82019779e-17, -4.44518978e-16]]), array([[-3.37505733e-16, -2.14873946e-16]]), array([[ 2.01274852e-01, -8.55382944e-01],
       [-2.37537164e-16, -8.68274489e-17]]), array([[-3.66056381e-16, -2.59327733e-16]])]