[array([[ 1.26712365e-01, -1.94884866e-02],
       [-5.82144879e-16,  3.55234009e-17]]), array([[ 1.04729241e-15, -4.29642547e-16]]), array([[ 1.03404733e-01,  1.29704134e-02],
       [-3.86515074e-16, -1.23815455e-16]]), array([[-2.53667750e-16, -6.89795941e-17]]), array([[3.46835965e-01, 5.70982658e-01],
       [1.05451837e-16, 7.64502441e-17]]), array([[-7.14770989e-17, -1.44186394e-16],
       [ 1.61654142e-01, -7.45653475e-01]]), array([[ 1.05312222e-17, -1.02307316e-16]]), array([[ 6.76862188e-01, -3.90682322e-02],
       [-3.94579187e-01,  4.65978811e-01],
       [-5.70739877e-17, -2.87776421e-17]]), array([[-1.06197751e-01,  3.06606492e-02],
       [-9.14388778e-16,  1.37456598e-16]]), array([[-1.58903627e-17,  2.82321940e-16]]), array([[ 4.39128811e-01,  4.81221326e-01],
       [-3.83155365e-17, -4.79262231e-17]]), array([[-2.83178119e-01,  2.07013306e-01],
       [ 1.96809563e-02, -4.56967804e-02],
       [-5.24809510e-16,  9.30898379e-16]]), array([[-1.43191694e-16, -5.27713991e-17]]), array([[-6.35040748e-16,  8.07878860e-18]]), array([[-6.46865120e-02,  1.62032853e-01],
       [-3.41569322e-02,  6.63439901e-01],
       [-4.79118485e-17, -4.99185264e-17]]), array([[-7.01409145e-02, -1.79250768e-01],
       [ 1.41309570e-16,  4.56093543e-16]]), array([[-5.21562311e-01, -3.05810767e-02],
       [-1.22615033e-16, -4.33677120e-17]]), array([[-3.15333933e-16, -2.72633748e-17],
       [ 1.71253823e-01,  1.92544220e-02]]), array([[-6.57276620e-17, -1.16498593e-16]]), array([[-1.01337557e-16, -4.28063862e-17]]), array([[-6.49666912e-01,  9.23472900e-01],
       [ 1.62074067e-02,  2.82422775e-02],
       [ 7.00319037e-01,  3.90579957e-01],
       [ 4.52034750e-17,  4.05619876e-17]]), array([[ 1.79058550e-17, -8.93647178e-17]]), array([[-1.99982034e-02, -1.61443632e-01],
       [ 6.98238262e-01,  5.89966372e-01],
       [-1.33819396e-16, -2.68843080e-16]]), array([[-3.84483871e-17, -1.84636700e-16]]), array([[ 6.40702702e-03,  3.23309518e-02],
       [-1.01907453e-16,  9.69006465e-16]]), array([[-4.72907083e-01, -1.37420353e-01],
       [ 2.94940838e-01,  5.20368048e-01],
       [ 1.43643735e-16, -3.58695513e-17]]), array([[-7.29227388e-01,  1.88124498e-01],
       [-1.98189149e-16, -3.16522214e-17]]), array([[-5.27945122e-01,  4.22291667e-01],
       [ 1.07318879e-16, -2.42795561e-17]]), array([[-5.94542191e-01, -1.28764820e-02],
       [ 3.81059250e-02,  1.40355973e-01],
       [-1.61135151e-16, -1.75336379e-15]]), array([[-1.09524893e-01,  4.12628057e-01],
       [-7.71844112e-18,  2.21182577e-16]]), array([[-2.60486839e-02, -8.48870849e-01],
       [ 6.33847511e-01, -4.86262235e-02],
       [ 1.69772313e-18, -2.14472624e-16]]), array([[-8.37328840e-17, -7.20899604e-17]]), array([[-1.81451093e-02, -5.13907007e-01],
       [-5.80554768e-17,  9.03422422e-17]]), array([[-2.19965562e-01,  3.38289828e-01],
       [-3.26731811e-16,  4.41686010e-16]]), array([[-6.23746203e-01,  6.00073180e-01],
       [ 1.71413517e-01, -2.68263767e-01],
       [-1.28008611e-16,  2.34371373e-17]]), array([[ 2.34628152e-16, -1.78719877e-16]]), array([[ 1.65264631e-16, -1.41768078e-16]]), array([[ 2.26300509e-01, -3.88070544e-01],
       [-6.46785229e-17,  8.27091532e-17]]), array([[ 1.40266127e-02, -4.04072704e-02],
       [ 6.62740945e-17, -1.23936461e-16]]), array([[-9.84227578e-17, -6.68493180e-17],
       [ 9.11623316e-01,  2.59919278e-01]]), array([[-4.76057346e-17, -9.38387951e-17]]), array([[-4.56581041e-01,  6.20736575e-01],
       [ 2.99748131e-17, -2.26772091e-16]]), array([[1.54355031e-01, 1.92122037e-01],
       [5.65946502e-17, 1.10862478e-16]]), array([[-6.67085787e-01, -6.13250952e-01],
       [-4.53815844e-17, -5.09615196e-17]]), array([[-3.57679876e-01,  4.53077978e-01],
       [ 3.12000386e-17, -1.45034594e-16]]), array([[-1.09786075e-16, -1.23569633e-16]]), array([[ 4.46153712e-01, -6.25796511e-01],
       [-1.38602888e-17, -1.80682575e-16]]), array([[-3.06619179e-02,  3.33728236e-01],
       [-1.79793020e-16,  4.82456254e-16]]), array([[-3.55630571e-01, -7.43296058e-01],
       [-7.01370975e-17, -1.48246893e-16]]), array([[-1.77960202e-16, -1.39036248e-16]]), array([[ 2.02735151e-01, -3.89460469e-01],
       [-1.25864425e-16, -8.64634363e-18]]), array([[ 1.97779745e-01,  2.11066492e-01],
       [-9.26773931e-17,  6.14806338e-17]]), array([[ 6.62714002e-01,  9.17391419e-01],
       [-1.52919547e-16, -1.15327533e-16]]), array([[-1.31572606e-16, -5.20623964e-17]]), array([[ 3.54752074e-16, -1.25471793e-16],
       [ 7.38974840e-01, -1.91292330e-01]]), array([[-8.55287170e-02,  1.39552015e-01],
       [-1.89534175e-16,  1.29675519e-16]]), array([[-1.89462596e-17, -1.06015667e-16]]), array([[-2.46757643e-16, -1.27303662e-16]]), array([[ 7.51642285e-01, -3.56878167e-01],
       [ 8.60391561e-02,  1.07857464e-02],
       [ 8.20047562e-01,  6.31090254e-01],
       [ 2.01208835e-15,  3.42126329e-16]]), array([[-3.68795820e-01,  8.03334016e-01],
       [ 1.42415306e-17,  1.18596501e-16]]), array([[-1.47730438e-01, -3.95694899e-02],
       [-6.99884307e-16, -1.00492186e-16]]), array([[1.77379936e-01, 1.18927682e-01],
       [7.62493226e-16, 5.11922388e-16]]), array([[-1.27345685e-16, -6.18040950e-17],
       [ 3.71442974e-01,  8.46859179e-02]]), array([[ 6.10421524e-01, -4.23778683e-01],
       [ 2.37978480e-17, -5.67177857e-17]]), array([[-4.86006335e-01, -2.51950749e-01],
       [-4.27112072e-17, -5.47920342e-17]]), array([[-8.33272574e-02, -3.18450594e-02],
       [ 1.49550110e-15,  5.50499863e-16]]), array([[ 2.24965031e-01, -5.31931871e-01],
       [-1.15947510e-17, -5.61780502e-17]]), array([[ 4.47284695e-01, -2.95553040e-01],
       [ 9.64497705e-01, -7.47899034e-01],
       [-1.11383835e-15,  5.03481503e-16]]), array([[ 3.66081829e-01,  1.72206231e-01],
       [-1.39625136e-16, -1.06274633e-16]]), array([[-5.37549435e-01, -1.23398168e-01],
       [ 2.30811688e-16,  2.33105171e-17]]), array([[-2.42473344e-01, -1.34339237e-01],
       [ 2.20996297e-01, -9.82985407e-03],
       [ 3.88558337e-17, -1.45319677e-16]]), array([[-1.36502326e-16, -6.86655146e-17]]), array([[ 1.94658427e-16, -1.48398380e-16]]), array([[-1.43323260e-16, -5.02455418e-17],
       [ 8.66880318e-01, -2.29406688e-01]]), array([[4.72701441e-17, 2.70358167e-17]]), array([[-6.32033265e-01,  7.51564612e-01],
       [-7.25662923e-17, -9.93520939e-17]]), array([[-4.32727590e-01, -2.00967396e-01],
       [ 1.74110789e-01,  5.45562431e-01],
       [ 9.09677745e-17,  1.29690565e-16]]), array([[ 1.41190748e-01,  6.90042494e-02],
       [-2.19485442e-16, -1.21821122e-16]]), array([[7.10385752e-17, 5.30696092e-17]]), array([[ 1.08589371e-01, -2.64470505e-01],
       [ 5.54364832e-17, -9.58325351e-17]]), array([[-3.80622833e-02,  4.24637516e-02],
       [ 9.76135321e-16, -1.01311124e-15]]), array([[ 4.09369788e-01,  4.59386755e-01],
       [-1.16887550e-16,  1.06938739e-16]]), array([[ 9.00647732e-02, -6.54621049e-02],
       [ 8.82777332e-01,  6.36859127e-01],
       [-5.40424637e-16,  2.58181504e-16]]), array([[-4.93409924e-17, -1.00241794e-16]]), array([[1.74722957e-17, 6.66324994e-18]]), array([[-6.24286990e-01,  4.54663362e-01],
       [ 7.17863215e-17, -8.27027917e-17]]), array([[-1.10173980e-16, -9.96525075e-17]]), array([[-1.00353836e-16, -1.23122334e-16],
       [ 4.40726918e-01,  7.22304713e-01]]), array([[-3.80219412e-01, -4.97828138e-02],
       [-7.29909224e-01,  6.79981197e-01],
       [ 5.42162130e-01,  7.95288304e-01],
       [ 2.22590737e-18,  5.24741220e-17]]), array([[-1.09076702e-16,  2.39691014e-16],
       [ 1.31472876e-01, -8.80410404e-01]]), array([[ 1.15584824e-01,  2.50666137e-01],
       [-5.74185081e-17, -1.25954753e-17]]), array([[-6.29594744e-17, -6.19018264e-17]]), array([[-8.43235315e-02,  2.33662154e-01],
       [ 9.18150225e-01, -3.28506113e-01],
       [-9.41540177e-18, -1.61762888e-16]]), array([[ 3.43664764e-01,  7.95063181e-02],
       [-9.21955475e-17, -5.67350209e-17]]), array([[ 7.83922569e-01,  9.95947887e-01],
       [-8.34320986e-17, -1.57168171e-16]]), array([[-5.29668474e-17, -1.11002622e-16]]), array([[-3.15400453e-01, -4.09443279e-02],
       [ 9.17517687e-16, -1.58988425e-17]]), array([[-5.94447413e-02, -7.32880638e-01],
       [ 3.38110002e-01,  1.79915039e-01],
       [ 1.05077384e-01, -8.58042125e-01],
       [ 8.30884590e-17,  1.02131991e-16]]), array([[ 9.47915199e-03, -3.53545564e-02],
       [ 2.38899090e-01,  4.26152682e-01],
       [-7.34408276e-17,  3.42107688e-16]]), array([[-2.15646191e-02, -1.96060161e-02],
       [ 1.67923430e-16,  1.34100788e-16]]), array([[-5.35514258e-01,  3.63907973e-01],
       [ 7.39443580e-02, -3.81633399e-01],
       [-1.07430757e-16, -4.76638596e-17]]), array([[ 8.60597239e-01, -7.98554206e-01],
       [ 1.00750695e-01,  5.04820049e-01],
       [-5.31377598e-17, -2.74528894e-17]]), array([[4.41958626e-01, 4.90846587e-01],
       [2.91415296e-17, 4.17697010e-17]]), array([[ 4.18138651e-02, -3.44338025e-02],
       [ 2.89363500e-16, -3.65070067e-16]]), array([[-2.94583051e-01,  4.83802934e-01],
       [-8.76788504e-02,  1.90210355e-01],
       [-2.17103904e-16,  3.34499744e-16]]), array([[-1.24429897e-16, -3.35268636e-17]]), array([[-4.34785038e-17, -6.93375241e-17]]), array([[ 2.21171182e-16, -5.22139044e-17]]), array([[-3.32334338e-01, -4.73795367e-03],
       [-1.42239798e-16, -1.11307386e-16]]), array([[-1.93417144e-01,  8.31095692e-01],
       [ 8.16255534e-01, -6.29604252e-02],
       [-7.63487976e-16,  4.03534805e-16]]), array([[-5.04863526e-01,  1.22865593e-01],
       [ 4.03188348e-17,  2.46207500e-17]]), array([[ 7.34043536e-18, -1.46101191e-16]]), array([[-1.30464392e-16, -1.51367708e-16],
       [ 5.88837547e-01, -2.85864572e-01]]), array([[ 2.69401680e-01,  3.75641139e-02],
       [-2.67110554e-16,  5.65473889e-17]]), array([[-1.92569730e-02,  2.17271024e-01],
       [-2.09743422e-17, -1.92105555e-16]]), array([[ 5.07824903e-01, -2.48964880e-01],
       [ 1.43354373e-16, -4.46668922e-17]]), array([[ 1.97845950e-01, -1.32742261e-01],
       [ 3.04294799e-01, -7.19872919e-02],
       [ 2.76334322e-01,  1.93845233e-01],
       [ 1.21638346e-16, -3.04340192e-16]]), array([[-9.03926804e-16,  1.45900886e-15],
       [ 3.12523450e-02, -6.23924586e-02]]), array([[-8.40890502e-17, -7.56293736e-17],
       [ 5.75004964e-01,  1.01635226e-01]]), array([[ 3.34306096e-17, -3.05101958e-17]]), array([[-6.74546358e-01,  4.93804917e-01],
       [ 8.44687963e-04, -4.08383394e-03],
       [-2.94346868e-15,  1.36205429e-14]]), array([[-9.91311170e-17, -4.23873359e-17]]), array([[ 3.24385964e-01, -7.99966456e-01],
       [-2.21397105e-17, -1.23880042e-16]]), array([[-1.36716558e-17, -1.42913712e-16]]), array([[ 4.13962745e-01,  5.54175080e-01],
       [ 1.06534541e-17, -9.95850200e-18]]), array([[ 4.52284011e-01,  9.03344751e-01],
       [-6.82272147e-17, -7.84833445e-17]]), array([[-4.38227209e-02,  5.09843747e-01],
       [-1.09938192e-16,  1.58941825e-17]]), array([[-2.73942800e-01,  6.49921254e-02],
       [-5.35753608e-16,  4.59444692e-17]]), array([[ 5.20010413e-01, -2.86910973e-01],
       [ 5.86814885e-01,  9.05130361e-01],
       [ 9.52899056e-17, -2.50487499e-16]]), array([[-3.22430355e-16, -5.57156798e-17]]), array([[ 3.63523566e-16, -1.21176130e-16],
       [ 2.33223383e-01, -2.40708033e-02]]), array([[ 4.54015284e-18, -1.74425142e-16]]), array([[-5.02809666e-01, -3.98666492e-01],
       [-5.03090553e-17, -5.53392387e-17]]), array([[-5.51580934e-17, -9.58305671e-17]]), array([[-1.94022538e-17, -3.20114847e-17]]), array([[-1.06259032e-16, -1.50373535e-16]]), array([[1.19636907e-15, 1.05622636e-16]]), array([[-4.49294760e-01, -7.38773330e-01],
       [-7.26169377e-17, -2.76199260e-16]]), array([[6.21627367e-02, 4.02118925e-02],
       [2.61195362e-01, 2.43936929e-01],
       [1.08878347e-15, 5.52789299e-16]]), array([[-8.95467284e-16, -1.02760991e-16],
       [-1.42161467e-01, -1.00923236e-02]]), array([[-3.29083838e-17, -6.80330220e-17]]), array([[-3.74274581e-17, -2.82862657e-17]]), array([[ 1.09527471e-01,  1.96896282e-02],
       [-1.17679386e-16, -8.35630789e-17]]), array([[-2.04584897e-01, -1.11721414e-01],
       [ 1.28569622e-16,  2.20389788e-17]]), array([[-3.54138365e-01,  9.67074269e-02],
       [-4.11022780e-16,  9.03232939e-17]]), array([[-2.13331848e-01,  1.87833272e-01],
       [-1.31951155e-16, -5.50616799e-17]]), array([[-4.29708799e-01,  2.67876558e-01],
       [-2.30747633e-01,  9.64588180e-01],
       [-3.84302494e-16,  7.60811976e-17]]), array([[-3.16425982e-02, -1.47214655e-02],
       [ 3.93509716e-16,  1.89743966e-16]]), array([[-9.01270705e-02, -1.15034834e-01],
       [-3.28599955e-17,  7.79529787e-18]]), array([[ 4.96158702e-01,  1.26473094e-01],
       [ 1.80184360e-16, -5.08054646e-17]]), array([[ 1.94518050e-16, -7.65910436e-17]]), array([[-1.26756445e-01,  7.42255888e-02],
       [ 3.23519209e-16, -2.32696335e-17]]), array([[ 1.01920508e-01, -4.57923362e-01],
       [ 5.61103493e-01, -5.35724616e-01],
       [-4.62730970e-17, -2.06996180e-16]]), array([[-2.51168244e-01, -5.94919810e-02],
       [-2.18454094e-16, -1.86449613e-17]]), array([[-3.79352760e-01,  4.05964000e-01],
       [ 6.10201555e-17, -1.21399742e-16]]), array([[-1.21389987e-01,  4.60861799e-01],
       [ 8.73796084e-01, -4.91480631e-01],
       [ 8.96762054e-17, -3.90992152e-16]]), array([[-6.59246688e-01,  1.75672091e-01],
       [-5.88956761e-17, -3.74030988e-18]]), array([[ 3.96734950e-01,  6.28638383e-01],
       [-8.36590044e-17, -1.89185954e-16]]), array([[2.59155867e-16, 2.67777003e-16],
       [2.80135997e-01, 3.56447094e-01]]), array([[ 4.78143822e-01,  8.31467536e-02],
       [-1.66187577e-17, -7.17633215e-17]]), array([[ 6.54991034e-17, -1.55710301e-16],
       [ 9.14990058e-01, -4.26105021e-01]]), array([[ 1.19685765e-16, -8.35432519e-17]]), array([[ 5.74907492e-01,  5.86860640e-01],
       [-4.85841139e-17, -3.03324522e-17]]), array([[-2.73239007e-01,  5.73522059e-02],
       [-2.05745692e-16,  2.61316806e-17]]), array([[-1.47780844e-16,  7.46906290e-17]]), array([[-9.18865224e-17, -6.58657571e-17]]), array([[ 1.55817695e-01, -1.98065294e-01],
       [-2.21989788e-17, -5.32721911e-17]]), array([[-3.18247041e-17,  2.11961084e-17],
       [ 4.54870077e-01,  1.51715714e-01]]), array([[-1.50873362e-16, -7.15343664e-17]]), array([[-8.94164463e-01,  7.11039161e-02],
       [ 4.75816820e-01, -5.80717985e-01],
       [-1.07491126e-16,  1.78956108e-17]]), array([[ 9.21481500e-01, -5.29657924e-01],
       [-2.55284812e-16,  5.69790372e-18]]), array([[9.19401634e-16, 1.35566585e-16]]), array([[-1.31773793e-16, -2.05923905e-16]]), array([[-1.07939339e-15,  1.04636098e-16],
       [ 1.73899192e-01, -3.10760994e-02]]), array([[-2.85690123e-02,  1.85082069e-01],
       [-4.33253228e-17,  5.73103247e-17]]), array([[-2.97077933e-02, -2.61400865e-01],
       [ 4.06314026e-18,  2.06419074e-16]]), array([[-1.26432023e-16, -3.28941314e-16],
       [ 4.70811179e-02,  5.10471317e-01]]), array([[-4.21337565e-02, -1.19326998e-01],
       [-4.86212279e-01, -2.27620941e-01],
       [-2.60718945e-17, -1.74101663e-17]]), array([[-5.04823494e-01, -6.53590728e-01],
       [-2.07077036e-01,  2.97958709e-01],
       [ 4.84166488e-18,  1.12960728e-17]]), array([[-1.46047395e-01, -8.75640450e-01],
       [-3.94583366e-17,  4.84879203e-17]]), array([[-9.73219949e-17, -1.70254863e-16]]), array([[-1.99963102e-18, -9.67616659e-17]]), array([[-1.12011198e-01,  2.01312861e-01],
       [ 3.21820120e-16, -6.65726545e-16]]), array([[ 8.45412355e-18, -1.10248790e-17]]), array([[-3.38111589e-02,  1.25931501e-01],
       [ 3.69190873e-01, -3.56404010e-01],
       [ 1.05707617e-16, -7.21352243e-17]]), array([[-8.36780121e-02, -5.97290531e-02],
       [ 9.91904258e-01, -9.33744398e-01],
       [ 2.07190396e-01,  2.26184857e-01],
       [ 1.53795145e-15,  1.18526057e-15]]), array([[-3.42302005e-17,  6.81225596e-17]]), array([[-8.98633898e-02, -3.31246752e-01],
       [ 7.16783607e-01,  4.59921939e-01],
       [-8.47650436e-18, -3.54215212e-17]]), array([[-5.69537851e-01,  8.14010424e-01],
       [-1.93374138e-17, -1.48278680e-16]]), array([[-1.30781874e-16, -1.65120731e-16]]), array([[-2.60405154e-01,  4.21553161e-01],
       [-9.91915188e-17, -1.24133057e-16]]), array([[-6.20992728e-01,  4.20957790e-01],
       [-9.47304703e-17, -5.60375597e-17]]), array([[ 4.20395808e-01,  3.81725642e-01],
       [-5.22401978e-17, -1.70963709e-17]]), array([[-4.55679267e-01,  8.68757248e-01],
       [-5.26536824e-17,  6.85426577e-17]]), array([[ 3.40883581e-01,  5.04788558e-01],
       [ 9.93580938e-17, -1.33445567e-16]]), array([[-4.23436363e-17, -2.81255829e-17]]), array([[ 1.86961667e-01, -1.80983981e-01],
       [ 1.71968093e-17, -1.76803291e-16]]), array([[-3.86282224e-17, -5.32953791e-17]]), array([[-5.77764314e-02,  6.28076664e-02],
       [ 4.93745233e-01, -8.85955593e-01],
       [ 4.12228311e-16, -5.76942292e-16]]), array([[-1.72616040e-02,  9.74837370e-03],
       [ 2.10960600e-15, -1.17297842e-15]]), array([[-1.74673137e-17, -8.24338341e-17]]), array([[-6.27732266e-17, -2.53058774e-17]]), array([[-1.68968904e-16, -3.59521970e-17]]), array([[ 1.58769955e-03,  1.57051854e-02],
       [-9.07912747e-16, -8.39176302e-15]]), array([[ 1.32516140e-02, -2.29583329e-02],
       [ 1.36963220e-15, -2.05955105e-15]]), array([[-1.02580899e-01,  7.68008665e-02],
       [-1.00680217e-16, -9.56578184e-17]]), array([[-3.90747376e-17,  2.76361684e-16],
       [ 8.02320167e-02,  3.96274090e-01]]), array([[ 6.20099102e-01, -1.57329849e-01],
       [-4.95495504e-17, -1.51994678e-17]]), array([[-1.05681661e-01, -3.93202542e-01],
       [ 9.18166569e-01, -6.86271184e-01],
       [-1.74950910e-17, -1.13802948e-17]]), array([[-4.76764249e-02, -5.06511397e-01],
       [-7.81682873e-17, -4.05658493e-16]]), array([[ 7.18423102e-02, -1.35561670e-01],
       [ 2.03184106e-16, -4.88642488e-16]]), array([[-2.13314368e-01, -1.68318922e-01],
       [ 1.54540675e-01,  4.71550721e-01],
       [-1.31853310e-17, -2.08211713e-17]]), array([[-1.13465747e-16, -2.54100680e-17]]), array([[-4.06744737e-01,  4.27275775e-01],
       [-7.84620296e-18, -7.62250866e-17]]), array([[2.21209976e-18, 5.30206314e-16],
       [1.27831716e-02, 3.78967383e-01]]), array([[-1.74757756e-01,  4.40728873e-01],
       [ 1.17996736e-17,  4.60374590e-19]]), array([[ 3.36568514e-01,  3.68912836e-01],
       [-6.92758154e-17,  4.48509693e-17]]), array([[-7.94425846e-01,  9.50706967e-01],
       [-1.68427830e-16,  1.25540154e-16]]), array([[ 2.14435476e-01, -5.21638306e-01],
       [ 4.12035652e-01,  5.00577087e-01],
       [-1.88671888e-16,  1.10499514e-16]]), array([[-7.17546329e-17, -6.14286247e-17]]), array([[-1.08057350e-02,  6.95140565e-02],
       [-1.48585090e-16,  3.21324594e-16]]), array([[ 4.80533544e-01,  5.40475719e-01],
       [-2.66207372e-18, -4.47045787e-17]]), array([[-7.72815454e-01,  8.28286663e-01],
       [-1.17250503e-16, -5.67126515e-17]]), array([[-1.67426064e-16, -1.57450859e-17]]), array([[ 1.6977310e-16, -9.0507235e-17]]), array([[-2.20988619e-01,  1.84590636e-01],
       [ 2.27633472e-01, -6.85966828e-01],
       [ 4.11607676e-01,  1.56498886e-01],
       [-2.73758481e-17, -4.78107605e-17]]), array([[ 6.96299730e-05, -1.03786401e-03],
       [-1.77010498e-15,  2.60799332e-14]]), array([[-9.85516821e-03,  7.97473279e-02],
       [-1.57540350e-16,  8.89307959e-16]]), array([[ 2.22393145e-01, -2.95111492e-01],
       [ 5.53760984e-17, -3.41339918e-16]]), array([[-5.67600216e-01, -2.80732856e-01],
       [-2.51073512e-17, -1.06636729e-17]]), array([[-2.28588048e-01,  6.53088030e-01],
       [-7.94469033e-17, -4.19927379e-18]]), array([[-6.65589187e-17, -6.30610951e-17]]), array([[-1.65583165e-16, -6.02888593e-17]]), array([[-1.35213760e-01,  3.90073604e-01],
       [-5.90930633e-17, -1.15992674e-16]]), array([[-1.52642993e-16,  1.48692745e-16]]), array([[-1.07463101e-02,  1.05501197e-02],
       [-2.15280095e-15,  1.94131332e-15]]), array([[-3.53988604e-02, -2.99713054e-02],
       [-2.90573051e-01, -3.06342016e-01],
       [-7.80523429e-15, -6.42562593e-15]]), array([[ 9.30108006e-02,  6.86433170e-01],
       [-9.45428344e-18, -5.27654181e-17]]), array([[ 3.00432613e-01,  5.25269254e-01],
       [-4.03362714e-17, -1.68057403e-17]]), array([[-2.47694547e-01,  6.97617306e-01],
       [-1.89240365e-16, -3.79745436e-17]]), array([[ 6.94447327e-01,  4.11353128e-01],
       [-1.22517606e-16, -3.22610396e-17]]), array([[-2.40490949e-01,  1.69748557e-01],
       [-2.37567434e-16,  1.00675018e-16]]), array([[ 4.93543894e-02,  5.39707025e-02],
       [-1.13958951e-15, -1.24085625e-15]]), array([[ 1.87983002e-01, -3.74388315e-01],
       [-1.04699278e-16, -1.76953368e-17]]), array([[-8.98767835e-01, -4.12505852e-01],
       [-4.04641855e-02, -3.67548744e-01],
       [ 6.74028989e-01,  6.55020987e-01],
       [-8.96628333e-16, -1.07137044e-15]]), array([[3.26326640e-01, 6.22334399e-03],
       [2.42707231e-16, 1.30768548e-16]]), array([[ 3.23440734e-01,  3.64002479e-01],
       [ 3.46040833e-17, -1.82585998e-16]]), array([[-7.68063104e-01,  3.49487860e-01],
       [-7.84477478e-17, -5.93466442e-17]]), array([[-3.05690822e-17, -4.91640412e-17]]), array([[-8.96793030e-02, -5.45571689e-02],
       [-2.49457091e-01,  6.03445912e-01],
       [ 4.56497287e-17,  4.12043082e-17]]), array([[-5.04029302e-17, -7.74389946e-17]]), array([[-3.21765153e-01,  7.13471440e-01],
       [-2.18965498e-17, -1.08096166e-16]]), array([[-7.11191542e-17, -1.66053494e-16]]), array([[-6.62187507e-01, -9.58631021e-01],
       [-1.33581681e-16, -1.64770834e-16]]), array([[ 3.28880384e-01, -3.43161715e-02],
       [ 1.18008146e-16, -9.33658683e-17]]), array([[-4.64154067e-17, -5.12062239e-17]]), array([[-1.55087040e-16, -2.22852306e-17]]), array([[ 2.25245831e-01,  4.31222538e-01],
       [-5.76642100e-17, -6.59243020e-17]]), array([[-2.52463497e-01, -2.98982539e-01],
       [ 1.69147353e-01,  4.31996495e-01],
       [-8.67236310e-17, -2.27800651e-16]]), array([[ 6.86646557e-18, -2.62970485e-16]]), array([[-3.50125625e-01, -2.23276697e-01],
       [ 5.85508054e-17, -1.51090051e-17]]), array([[-1.02678248e-16, -8.63441606e-17]]), array([[-6.38260047e-17,  5.22894342e-18]]), array([[-1.93356750e-01, -5.57730814e-01],
       [-7.93514595e-17,  4.86707991e-18]]), array([[ 6.34074343e-18, -6.78554646e-17]]), array([[ 3.60840943e-01,  2.00197311e-01],
       [-2.80434181e-16, -1.56980704e-16]]), array([[-9.34909224e-17, -3.89802019e-17]]), array([[-3.79832035e-17, -3.47786781e-17]]), array([[-4.65976221e-02,  2.58676936e-03],
       [-9.15715666e-01,  6.76531791e-01],
       [ 2.09868312e-15, -4.47945716e-17]]), array([[1.44350534e-16, 1.27009642e-16]]), array([[-1.01761764e-16, -1.63297479e-16]]), array([[5.7781155e-16, 3.2829587e-16]]), array([[-7.50284005e-02,  7.73722174e-01],
       [ 3.91741155e-01, -3.09872803e-01],
       [-5.41025517e-17, -4.35198283e-18]]), array([[ 7.67270276e-02,  2.62058550e-02],
       [-2.56644734e-16, -7.08394069e-17]]), array([[-2.20182592e-16,  1.80932893e-16]]), array([[-8.90011398e-17, -1.04200292e-16]]), array([[ 4.39981746e-01,  5.10289962e-01],
       [-8.40007559e-17, -9.52691074e-17]]), array([[-8.53067620e-01,  1.59492691e-01],
       [-2.51226645e-16, -6.28014914e-17]]), array([[-4.21136855e-01,  2.08573716e-01],
       [-2.08995873e-16,  1.15300264e-16]]), array([[-3.74902733e-01, -3.31234430e-01],
       [ 4.93789029e-01, -5.21929549e-01],
       [ 1.66217891e-16, -1.07483401e-16]]), array([[ 4.28449950e-16, -1.40192317e-16]]), array([[ 3.70461007e-17, -1.93136450e-18]]), array([[1.46601486e-01, 3.28132709e-01],
       [5.22113779e-17, 2.76296397e-17]]), array([[-4.55522487e-01, -5.86898622e-01],
       [ 2.88362279e-17,  1.00678971e-16]]), array([[-5.40368837e-01, -7.12510882e-01],
       [ 1.54447965e-18, -4.39276727e-17]]), array([[ 3.37306378e-02, -1.56036058e-01],
       [ 3.07186562e-17, -6.00024059e-16]]), array([[-9.68904753e-02,  2.16190328e-01],
       [-1.80183703e-16,  1.05557065e-16]]), array([[ 6.02220416e-01, -1.06885357e-01],
       [ 5.09949205e-17, -6.31377853e-17]]), array([[-2.27301708e-16, -1.48023391e-16]]), array([[8.24560731e-17, 3.42858565e-16]]), array([[-8.03600942e-01,  4.08745734e-01],
       [-1.97573445e-17, -1.34170602e-16]]), array([[2.20550121e-14, 2.17906933e-14]]), array([[-4.28277146e-16, -2.84316917e-16]]), array([[ 5.26174547e-02,  6.98667558e-02],
       [-1.56624672e-15, -2.13668139e-15]]), array([[ 3.52054221e-01, -7.29499363e-01],
       [ 3.74459854e-17, -2.37887382e-16]]), array([[6.58561396e-03, 3.01224464e-03],
       [7.95898289e-15, 3.76933690e-15]]), array([[-3.12533170e-02, -2.70345463e-01],
       [ 5.87433196e-17, -6.53145971e-17]]), array([[-4.86230643e-01,  3.96830620e-01],
       [-1.69570930e-16, -3.43668036e-17]]), array([[2.47706522e-16, 1.40756137e-16]]), array([[ 1.33071012e-01,  1.98061811e-01],
       [-2.98003998e-17, -3.26851664e-17]])]