8.110480308532714774e-03
1.213267803192138658e-02
1.637931346893310713e-02
2.865586042404174791e-02
6.633529663085938055e-02
6.859864711761474998e-02
1.073753285408020064e-01
1.695968508720397949e-01
2.477484822273254284e-01
3.885839796066284380e-01
5.760264062881469416e-01
8.614879393577575817e-01
1.117136754989624059e+00
1.756179337501525772e+00
2.845808577537536799e+00
3.494685828685760498e+00
4.517732901573181081e+00
6.540936479568481232e+00
8.849848821163178059e+00
1.200519512414932244e+01
1.626319736003875605e+01
1.999716897487640210e+01
2.511378330707550077e+01
3.123385622739791856e+01
3.600408654451370438e+01
4.364197166681289985e+01
5.333538340330123617e+01
5.860205065250396927e+01
6.568140425682068440e+01
