8.965821943540869e-14
2.3219807148377604e-13
2.7909748796395013e-13
4.521278376341699e-13
6.85703750979172e-13
7.956761564931246e-13
9.729881093420999e-13
1.191128564719752e-12
1.75708669273418e-12
2.069594478853528e-12
2.365536778126933e-12
3.3587278692113644e-12
3.758144952864361e-12
3.957805080041687e-12
4.20846072179379e-12
5.215690787380093e-12
5.896076031932678e-12
7.2488779612235445e-12
6.009247133259248e-12
7.523708658008859e-12
7.557333559883713e-12
7.76998702129126e-12
8.491058646854064e-12
