2.4702462297909733e-15
1.687538997430238e-14
6.661338147750939e-15
1.709743457922741e-14
4.440892098500626e-14
2.6645352591003757e-14
2.2426505097428162e-14
6.372680161348399e-14
6.375455718909961e-14
9.997558336749535e-14
9.325873406851315e-14
1.1335377081422848e-13
8.815170815523743e-14
1.176836406102666e-13
1.3300471835009375e-13
1.1785017406396037e-13
1.312283615106935e-13
1.616484723854228e-13
1.522532100395324e-13
2.2726265314076954e-13
1.6697754290362354e-13
1.4155343563970746e-13
1.0647038806155251e-13
