0.016405327320098875
0.020680270195007323
0.025431976318359376
0.028463257153828938
0.031539419492085774
0.033126343886057535
0.03781901597976685
0.03746724367141724
0.04079106648763021
0.04265166282653809
0.04731647253036499
0.05157228151957194
0.05146770715713501
0.05429313659667969
0.05693507750829061
0.05924797614415487
0.06315862178802491
0.06589976072311401
0.0666056243578593
0.07362858931223551
0.07193132162094117
0.0745330548286438
0.07811513980229695
0.08207133849461873
0.08536110401153564
0.08519860585530599
0.09154805342356363
0.09710119247436523
0.10143568197886149
