1.3805009328300526e-13
5.138579587292575e-13
4.811343749765358e-13
6.175304877138362e-13
8.444323609359304e-13
9.055930808289671e-13
1.220922124953407e-12
1.4552700059869173e-12
1.5221510585757976e-12
2.584165576612069e-12
2.344534307934667e-12
4.16525430829433e-12
3.4889445694504866e-12
3.323109084584982e-12
3.293431970478763e-12
3.5203092478801473e-12
3.8948505049171986e-12
4.80401684851221e-12
4.66710409952581e-12
6.249380399759912e-12
7.193814043607992e-12
9.263187593553464e-12
9.037674852101282e-12
9.166531051345104e-12
1.2741855392215391e-11
8.214652847578985e-12
1.1676314383776577e-11
8.858282723385255e-12
7.702524850494554e-12
