1.2216822414425244e-16
4.0020090243711646e-16
3.331955505377672e-16
3.840363729563658e-16
4.825327776776745e-16
5.327018122523336e-16
6.358969400798996e-16
7.815628388758954e-16
7.603152140738249e-16
1.2755012717729857e-15
1.1504093758266276e-15
1.8463006685701816e-15
1.6019029244492592e-15
1.4665088634532136e-15
1.3955220213893062e-15
1.5729710669705751e-15
1.6215031244451285e-15
2.0016736868800876e-15
2.025652820974744e-15
2.3779986300456287e-15
2.926694077952804e-15
3.840459201307406e-15
3.558139705551686e-15
3.456459672452905e-15
4.630034662868965e-15
3.1913958226802584e-15
4.27078068170321e-15
3.1434644156796506e-15
2.790769873367592e-15
