1.0113958431168965e-15
2.2649529137670784e-15
2.040034807748725e-15
2.886579864025407e-15
3.6637359812630166e-15
3.9968028886505635e-15
7.993605777301127e-15
5.856426454897701e-15
7.105427357601002e-15
1.8207657603852567e-14
1.3766765505351941e-14
3.5083047578154947e-14
1.8485213360008856e-14
2.5757174171303632e-14
1.5987211554602254e-14
1.6653345369377348e-14
2.042810365310288e-14
2.6201263381153694e-14
3.9968028886505635e-14
3.197442310920451e-14
4.574118861455645e-14
4.75175454539567e-14
5.46229728115577e-14
5.1958437552457326e-14
8.08242361927114e-14
6.039613253960852e-14
9.85878045867139e-14
8.415490526658687e-14
6.705747068735946e-14
