0
-1.011457315009232e+00 -2.683138103191552e+00
7.152083263237661e-01 1.897265147626757e+00
-5.057286575046162e-01 -1.341569051595776e+00
-2.655318721218958e-01 -6.914066961105019e-01

1
-1.640878220352060e+00 -1.291040611170620e+00
1.160276116712256e+00 9.129035709459704e-01
-8.204391101760301e-01 -6.455203055853102e-01
2.189090439711271e-01 2.064308327069532e-01

2
-1.147136402080487e+00 -9.457185592344521e-01
8.111479288570506e-01 6.687240063286527e-01
-5.735682010402436e-01 -4.728592796172261e-01
6.021801076507370e-01 8.403677491294613e-02

3
-1.475786485513175e+00 -2.463449249565966e+00
1.043538631489829e+00 1.741921669477007e+00
-7.378932427565876e-01 -1.231724624782983e+00
-3.368511447437891e-01 -3.558879626922104e-01

4
-1.404514038239983e+00 -1.224027624796367e+00
9.931414007111943e-01 8.655182338531738e-01
-7.022570191199917e-01 -6.120138123981833e-01
3.501874693807722e-01 1.080418240438479e-01

