1.113712057356486905e-16
1.392202370767502436e-16
1.137317055052613075e-16
1.177555567375250383e-16
1.058968817344509322e-16
1.775329224547872151e-16
1.609015865810632005e-16
1.894161279401045489e-16
2.470300927693662944e-16
2.205971337109563388e-16
3.848617078459290105e-16
2.111329517139249838e-16
1.445586829784080898e-16
1.813962809745255843e-16
4.327596909504380700e-16
1.715238086721949734e-16
1.721291109308604643e-16
3.776103558905810398e-16
5.821983063901155839e-16
1.697493676287302054e-16
2.383057437777453702e-16
3.756500248675140608e-16
2.425786196417835793e-16
2.340386664130480297e-16
3.773407750245621631e-16
1.742389343700331018e-16
2.270709942960753818e-16
1.296947512572733475e-16
2.145024622230700194e-16
