8.763117790222168038e-03
1.132281541824340862e-02
1.645310640335083049e-02
2.443757534027099498e-02
3.341644525527954351e-02
5.457781314849853571e-02
8.164068222045899048e-02
1.181071829795837386e-01
1.650452589988708474e-01
2.407677650451660045e-01
3.749303960800171032e-01
4.776980996131897084e-01
8.257876586914062456e-01
9.830065393447875444e-01
1.391078143119812038e+00
1.860144476890563947e+00
2.511292986869812172e+00
3.498181614875793599e+00
5.304312272071838308e+00
6.491140267848968470e+00
8.429013483524322226e+00
1.056762819528579733e+01
1.348953243732452378e+01
1.803350322008132878e+01
2.036600881099700899e+01
2.579855188131332255e+01
2.745826344728469692e+01
3.228105173587798760e+01
3.815847672700881787e+01
