1.415534356397074589e-15
3.441691376337985275e-15
1.776356839400250465e-15
2.109423746787797427e-15
1.845745778439322748e-15
1.998401444325281773e-15
2.164934898019055254e-15
9.103828801926283631e-15
2.081668171172168513e-15
5.551115123125782702e-15
9.769962616701377556e-15
4.579669976578770729e-15
2.081668171172168513e-15
3.053113317719180486e-15
2.394091869195591471e-14
1.082467449009527627e-15
1.929012505286209489e-15
8.094219738907781903e-15
1.737499033538369986e-14
2.775557561562891351e-15
2.331468351712828735e-15
1.262531745815920203e-14
1.297573160030651707e-15
2.831068712794149178e-15
3.580469254416129843e-15
1.942890293094023946e-15
6.959710585618950063e-15
2.414735078559715475e-15
1.986258379993444123e-15
