2.539263490772790399e-14
2.979313073442455169e-14
2.320126792307330467e-14
2.896786695743116050e-14
2.096758258342128436e-14
3.337618942149999713e-14
2.799687606510499481e-14
2.235110309693233539e-14
3.310203243109508484e-14
3.220718152179962384e-14
5.849897959258120881e-14
2.660275191595454919e-14
1.734704195740896979e-14
1.668845784965635425e-14
4.414148847694468374e-14
1.955371418863022627e-14
1.480310354005399953e-14
4.229235985974507488e-14
4.541146789842901495e-14
1.595644055710063887e-14
1.858784801466413740e-14
3.380850223807626626e-14
1.358440269993987926e-14
2.246771197565260928e-14
3.848875905250534300e-14
1.324215901212251544e-14
2.452366738397614143e-14
1.063496960309641415e-14
1.801820682673788143e-14
