0.053433284759521485
0.013756444454193115
0.015361192226409913
0.018534238338470458
0.020084717273712159
0.02200373649597168
0.023569693565368654
0.022748818397521974
0.02296400785446167
0.026278376579284668
0.025347495079040529
0.026264545917510988
0.026107850074768065
0.026158626079559325
0.025304667949676514
0.027991557121276857
0.028537635803222657
0.029749252796173097
0.03080296754837036
0.032018826007843018
0.032936692237854004
0.035787751674652098
0.034382512569427488
0.037700486183166501
0.03745606184005737
0.038865754604339602
0.039527716636657717
0.040574059486389161
0.040103943347930909
