8.3542124006447979e-17
1.1446250698729958e-16
1.263235419838193e-16
1.426435919416327e-16
1.4454580620010826e-16
1.2554688093979005e-16
1.223258314947826e-16
1.2124355885752711e-16
1.4231753106319963e-16
1.2251545465839256e-16
1.3591023239191006e-16
1.8182616282092899e-16
1.582116463958366e-16
1.5540173749407761e-16
1.5760270920740371e-16
1.769478197902631e-16
2.3318831814626878e-16
1.7354249265289931e-16
2.7475463763623853e-16
1.5909442991830278e-16
2.1873255478925343e-16
2.2385997264952238e-16
3.1207339736342465e-16
2.5004993513688862e-16
2.7186233674997981e-16
2.4520110649042599e-16
2.0582265810412829e-16
2.5094631667117756e-16
2.2272330732356573e-16
