4.5449755070592346e-16
6.6830221912006493e-16
7.7715611723760958e-16
7.6327832942979512e-16
7.7715611723760958e-16
7.585078398708589e-16
9.7491459349896559e-16
5.5511151231257827e-16
9.5756735873919752e-16
6.6613381477509392e-16
2.2204460492503131e-15
9.7144514654701197e-16
9.4368957093138306e-16
9.4368957093138306e-16
9.9920072216264089e-16
9.1593399531575415e-16
1.609823385706477e-15
1.5543122344752192e-15
1.7763568394002505e-15
3.5527136788005009e-15
2.4424906541753444e-15
1.1102230246251565e-15
1.6653345369377348e-15
1.8873791418627661e-15
1.9428902930940239e-15
1.7763568394002505e-15
3.6637359812630166e-15
1.4988010832439613e-15
1.2212453270876722e-15
