1.9047604273470138e-14
2.4494976495282109e-14
2.5770002564699137e-14
3.5090323617641641e-14
2.8620069627621437e-14
2.3602813616680527e-14
2.128469468009217e-14
1.43067399451882e-14
1.907054916246875e-14
1.7887256380125314e-14
2.0658355323570331e-14
2.2910096515437054e-14
1.8985397567500393e-14
1.429695984945514e-14
1.576027092074037e-14
2.0525947095670519e-14
2.0054195360579115e-14
1.9783844162430522e-14
2.1980371010899083e-14
1.4954876412320462e-14
1.7498604383140275e-14
2.0595117483756061e-14
1.747611025235178e-14
2.4004793773141306e-14
2.7729958348497941e-14
1.8635284093272374e-14
2.18172017590376e-14
2.057759796703656e-14
1.870875781517952e-14
