0.020384
0.020396
0.020922
0.020622
0.020286
0.021027
0.020458
0.021091
0.020568
0.020192
0.020134
0.020408
0.020008
0.020457
0.020263
0.020678
0.020556
0.020343
0.020634
0.02086
0.020499
0.023675
0.020996
0.020335
0.019963
0.020393
0.020461
0.020441
0.02072
0.021278
0.021471
0.02145
0.021384
0.021567
0.021041
0.020055
0.02063
0.020376
0.02044
0.020368
0.020526
0.020114
0.020484
0.020225
0.019913
0.020438
0.020066
0.020489
0.020662
0.021115
0.020869
0.021375
0.020981
0.020747
0.020472
0.021026
0.020453
0.020522
0.020158
0.020054
0.020497
0.020106
0.020836
0.020697
0.021019
0.02057
0.02038
0.02072
0.020835
0.021372
0.020727
0.020911
0.02073
0.020972
0.021274
0.020804
0.021129
0.020986
0.021039
0.023401
0.029103
0.020505
0.021461
0.020647
0.020643
0.020849
0.02039
0.019918
0.020685
0.020258
0.020812
0.020351
0.020772
0.020612
0.020245
0.021108
0.020508
0.020714
0.021028
0.020806
0.020827
0.021292
0.02103
0.020928
0.020503
0.019928
0.020577
0.020949
0.02114
0.020911
0.021336
0.02006
0.02008
0.020732
0.021017
0.021556
0.020119
0.020365
0.020949
0.020488
0.020341
0.020632
0.020414
0.020816
0.020402
0.020496
0.020459
0.020802
0.021118
0.021447
0.020868
0.020903
0.019944
0.019806
0.02114
0.020598
0.020817
0.019792
0.02095
0.020391
0.020571
0.019903
0.020529
0.020071
0.0217
0.021107
0.020906
0.019924
0.021362
0.020179
0.020975
0.021169
0.020423
0.021165
0.020723
0.02161
0.021051
0.020941
0.021024
0.020896
0.021073
0.021123
0.021685
0.021075
0.020756
0.022346
0.021825
0.022084
0.02178
0.021631
0.022378
0.020855
0.021069
0.02082
0.021445
0.020563
0.020356
0.020884
0.020327
0.020773
0.020678
0.020453
0.019983
0.019575
0.020278
0.021518
0.021127
0.021177
0.020944
0.021383
0.020928
0.021166
0.021095
0.02053
0.020765
0.022348
0.020503
0.019724
0.019845
0.020466
0.020864
0.020918
0.020551
0.02114
0.021105
0.021054
0.021111
0.020926
0.020886
0.020987
0.020773
0.021146
0.021529
0.020863
0.020985
0.02119
0.020628
0.021294
0.02078
0.021042
0.020928
0.020689
0.020992
0.020772
0.020834
0.021172
0.021215
0.020991
0.020972
0.020858
0.02082
0.021187
0.020897
0.02147
0.020867
0.020854
0.020831
0.02177
0.021152
0.020885
0.020577
0.021428
0.020593
0.020832
0.019927
0.020513
0.021206
0.02248
0.021644
0.02163
0.021572
0.022325
0.021588
0.022265
0.02206
0.021903
0.021737
0.021681
0.021354
0.021669
0.020664
0.021604
0.020633
0.021203
0.020589
0.021115
0.020457
0.020893
0.020852
0.02102
0.022102
0.02209
0.021831
0.021462
0.022467
0.021279
0.020524
0.020642
0.020508
0.021118
0.020708
0.021089
0.019916
0.019891
0.021094
0.021171
0.021318
0.020284
0.020618
0.021644
0.021142
0.021838
0.021575
0.022679
0.022114
0.022421
0.022103
0.022289
0.022375
0.022569
