0.883739
1.746721
0.806741
0.861592
0.877953
0.858715
0.887733
0.912781
0.809208
0.80927
0.855568
0.909482
0.878959
0.891196
0.873597
1.668284
1.72611
0.894424
0.884014
0.895641
0.897811
0.858127
0.790875
0.896408
0.826503
1.700696
0.88149
0.805866
0.798652
0.851677
2.029088
0.796346
0.8356
1.737904
0.897771
0.874602
1.515544
0.790636
1.603603
0.876286
0.887381
0.881417
0.884244
0.886904
0.894278
0.880863
0.822708
0.804755
0.796342
1.763305
0.871303
0.823417
0.79698
0.796284
0.867129
0.897363
0.884463
0.890932
0.883543
0.888833
0.879773
0.883665
0.900329
0.913478
0.906553
0.903572
0.893368
0.873255
0.881063
0.892667
0.879609
0.892176
2.140812
0.888484
0.880021
0.881196
0.891649
0.882924
0.872125
0.806488
0.804682
0.80889
0.792211
1.787188
0.805685
0.877445
0.880701
0.811395
0.802925
0.793109
0.832124
0.86064
0.826839
0.879295
0.845801
0.851018
0.876214
0.868207
0.809463
1.62591
0.79202
0.871637
0.793534
0.879512
0.862437
0.899116
0.849304
0.878414
0.879446
0.846686
1.761402
0.851415
0.717689
1.520752
1.955052
1.906641
0.787561
1.427119
0.791414
0.771199
0.783685
0.788886
0.850146
0.835372
0.845811
1.779452
0.854182
0.822029
1.895458
0.784975
0.848324
1.726918
0.891638
0.889568
0.780823
0.789008
1.561429
1.546026
0.855171
0.85968
0.872611
0.870808
0.854634
0.814446
0.833597
0.886049
0.903138
0.917656
0.867723
0.895394
0.874111
0.885503
0.85036
0.874697
0.842911
1.710307
0.844835
0.853027
0.825553
0.832898
0.822152
0.814352
0.822205
0.828629
0.818501
0.811743
0.796399
0.787644
0.795335
1.825835
0.906562
0.822907
0.844787
0.838448
0.804336
0.800396
0.803059
0.818678
0.791802
0.826545
0.901168
0.816499
1.640617
0.78587
0.812635
0.844145
0.869635
0.826056
0.800751
0.78629
0.802929
0.826193
0.798933
0.80001
0.805702
0.806339
0.83641
0.858004
0.845436
0.815385
0.827251
0.863797
0.82203
1.926399
0.810467
0.805697
0.791777
0.809222
0.837256
0.829142
2.396783
0.798983
0.809704
0.812068
1.587323
0.827846
0.824016
0.821928
0.814481
0.85552
0.83817
0.814309
0.83158
0.826775
1.834987
0.788043
0.802452
0.810357
0.828096
1.810863
1.572872
0.834665
0.809074
0.811263
0.815555
0.822927
0.848802
0.772255
1.526951
0.78376
0.797811
0.817521
0.794707
0.791125
0.773035
0.780558
0.781621
1.530566
0.833841
0.879606
0.832046
0.838456
0.83149
0.796974
0.80531
0.852071
0.807829
0.822806
0.821413
1.617828
0.791256
0.801081
0.843423
0.834142
1.504553
0.830953
2.548589
0.795002
0.747537
0.745609
0.749814
0.738639
0.766079
0.754109
1.711278
0.827773
0.804761
0.797658
0.80696
0.818423
0.795299
1.897752
0.829068
0.837386
0.819689
1.578754
1.969866
0.794718
1.605854
0.774135
1.658221
2.032033
0.768013
0.79366
0.781037
0.749866
1.937421
0.807404
0.804239
0.804617
