11.755459
7.173689
12.593384
13.249573
0.516797
10.627609
13.53637
13.531376
5.025883
12.511023
13.155145
13.669093
12.776883
1.034062
13.178896
12.664559
13.007784
25.756718
13.334274
13.20864
12.305746
13.362394
25.761168
11.567325
7.962282
12.828197
12.543413
11.675693
12.798585
13.080978
13.831177
3.950066
0.685534
2.433823
12.502536
0.93913
7.816725
20.97642
7.520138
26.299221
11.231255
13.251709
13.360801
12.981789
0.357106
13.025912
1.542574
8.699836
11.631031
8.0348
10.802796
11.741822
8.361548
8.536805
11.183752
12.673952
11.8369
8.213616
13.167597
0.336501
8.764499
13.075991
12.255085
13.09032
13.189684
0.434588
25.706768
12.813779
10.10513
12.478518
2.430504
9.716618
8.701427
13.434267
12.997054
12.3705
13.278185
13.331802
8.855123
10.197999
12.987622
4.464556
13.087182
7.885404
13.666356
1.252134
7.985208
13.286764
13.670265
13.122687
16.764182
11.088324
11.620449
12.336358
8.716444
13.071643
11.101567
0.898883
13.351537
1.828497
2.024828
1.399643
11.456509
1.402466
2.78002
13.45385
13.301625
13.070973
13.325455
8.178649
7.975662
0.478512
13.219197
11.824998
13.784218
12.624988
8.846028
11.806713
2.752438
1.435382
22.333925
12.987355
13.344809
11.156098
12.764276
13.405708
0.653889
12.466372
0.979688
0.905069
8.579958
12.947034
0.317844
13.296115
8.981152
12.965163
7.78919
0.534491
8.787041
13.120426
13.37125
13.596979
1.66898
9.570159
13.227277
10.326996
13.373465
13.860872
2.150987
12.04613
2.096888
13.512487
13.450486
8.693502
12.661084
2.991809
11.452526
7.79739
13.272868
13.360028
0.499141
0.616008
11.119042
13.284253
13.094073
7.738586
13.28788
0.635681
14.237313
11.552047
11.835094
12.924129
12.360482
12.070896
9.478861
13.245557
8.967644
7.923719
8.760844
10.194362
0.926865
8.634315
12.740679
8.502787
13.498211
13.022241
0.667292
8.974053
13.093741
9.121073
13.142143
13.526492
13.362729
7.622303
7.439754
8.501746
11.801763
13.418857
12.662755
13.423031
13.620072
12.943588
14.631081
8.987916
13.19875
1.125033
13.563951
7.965295
10.925297
1.949302
13.294494
13.445381
1.598205
12.575539
9.306477
13.98078
12.763942
13.146615
11.73992
13.890644
13.2702
8.835174
8.228142
0.378466
13.290004
0.638715
13.494774
13.452874
0.358723
13.098524
12.282392
1.054206
9.784675
8.600573
12.84385
11.391375
8.800216
12.756288
10.997201
12.886948
11.409312
10.961367
5.082106
10.829454
8.29595
20.037837
12.523941
12.800815
10.844627
13.450671
13.187063
0.748431
0.790127
4.847688
13.234092
10.550051
2.047241
0.773135
0.909912
10.532789
12.621967
8.664183
4.199466
11.905617
12.952059
0.308546
11.668493
13.341612
9.973708
11.688683
11.303618
2.110137
13.897383
8.536039
11.428126
0.94293
8.026336
1.645204
12.447944
8.573246
10.331895
11.762399
1.452623
0.695844
13.169545
9.245524
0.93651
12.745479
12.056673
13.360955
12.208646
8.825159
10.923833
10.600777
13.18486
8.151399
13.138477
0.767891
8.749439
13.053026
