1.312338
1.31999
1.27008
3.505953
1.350969
1.359585
1.355338
1.334627
1.337946
1.368031
1.357071
1.33737
1.315225
3.533445
1.300688
1.297177
2.932515
2.881597
1.304379
1.298475
2.961822
1.320771
1.337271
3.025819
1.343351
2.825737
4.832435
1.35338
1.400775
1.366465
1.362273
3.497476
3.346409
1.425878
1.344842
1.367745
2.941768
1.370976
2.642453
2.969605
3.413086
1.410812
1.400221
1.364125
1.410354
1.359179
1.376264
1.352817
8.021874
2.921547
1.357457
3.001389
3.103887
1.348844
1.399321
1.367571
2.96376
1.342109
3.034466
1.382543
1.429399
3.505824
1.3676
3.750944
1.421194
1.506642
1.383491
1.407526
1.4146
1.377654
3.483006
3.094095
2.964843
3.122653
2.960601
2.993007
1.392097
1.335461
1.285746
1.296173
1.269118
1.273433
2.741307
3.338521
3.048507
2.963618
1.392369
2.942019
3.572534
1.398997
1.320824
1.357308
1.314889
1.308694
1.329181
1.320022
1.30355
2.837515
3.569524
2.992045
1.376946
1.361458
2.890207
1.287759
1.34829
2.952297
1.319137
1.362266
3.545965
2.962471
1.360092
3.01648
1.35731
1.34572
1.307124
1.276865
1.35459
1.371758
1.372976
1.361932
1.340331
1.373283
3.47122
1.354129
1.40134
1.401789
1.365342
3.457999
1.332059
1.270125
1.349618
2.985435
1.370926
3.11054
1.333337
2.990016
2.925706
2.881695
1.333031
1.324521
3.004441
1.363831
1.339982
1.367718
1.396674
1.407458
3.064999
1.438004
3.013677
1.373816
2.952426
1.33269
1.325727
3.372813
2.990027
1.339475
1.403652
1.45505
3.288859
2.799827
1.282801
1.295203
2.814075
1.298783
1.272935
3.342585
2.863172
4.624601
2.877926
1.36867
2.927502
3.051015
1.417668
1.33201
1.305485
1.366869
1.346117
3.084473
1.3531
1.426575
2.982726
1.416806
1.368549
2.884327
1.358372
3.323769
1.334436
1.355145
3.122312
1.361239
1.363231
1.369647
1.333269
1.344399
1.394941
1.4436
1.408187
1.333556
1.402012
1.357106
1.368824
1.381927
3.69794
1.420328
1.361006
1.354863
1.391389
1.365228
1.355133
1.366644
3.061947
1.361026
3.0097
3.454597
3.294107
3.084547
1.359223
1.352159
1.464165
1.392519
1.29638
1.368174
1.340386
2.918015
1.41212
1.34273
2.946426
1.389228
1.382668
1.310061
1.42499
1.406401
1.36683
2.97078
3.505153
1.354559
3.387572
1.402676
1.408858
3.122139
1.441567
3.560414
3.736407
1.460906
1.391034
1.458834
1.357715
2.903382
1.342965
3.591886
3.452933
1.428339
1.490961
1.348454
1.400448
3.469194
1.37394
1.362671
1.451072
1.368053
3.060351
1.444643
1.383417
2.890833
1.434311
1.392694
1.373305
1.428777
1.403816
1.409161
1.375584
2.81985
3.036006
1.389961
1.428977
1.377229
1.39583
1.404585
1.401718
1.443163
2.942158
1.355504
2.98303
1.322096
1.318104
1.311663
2.946926
1.365988
1.325661
1.360055
1.371677
1.398567
1.367204
1.429343
2.984748
1.370074
1.353509
1.355293
1.33925
1.421267
