38.217262
56.832829
29.418925
30.603748
30.269002
36.94427
29.796476
46.395023
29.915263
30.546518
48.259625
40.920496
29.67298
29.505731
48.647762
31.348119
31.022201
55.376221
28.092014
3.236756
30.45166
33.789622
31.674585
48.197083
29.015827
28.86399
30.117936
32.048501
21.590772
29.03878
30.517623
29.525046
45.454145
28.155843
41.954711
30.236342
29.80611
29.400215
30.854023
30.094859
29.942712
36.953483
29.847015
27.620122
30.417183
56.441632
45.388868
27.163193
62.539922
28.686051
30.830521
36.556344
18.744976
30.557972
28.585593
29.77895
21.108204
46.249233
38.68996
26.403079
53.46612
21.831847
30.956997
48.834398
50.817285
26.536231
26.839838
31.101435
30.191856
29.65513
25.570536
56.108788
40.019857
48.905207
55.733961
29.976414
32.964287
29.98921
29.908313
35.570232
28.004982
32.573315
30.684476
35.045876
24.893447
30.235173
30.909884
19.728911
30.74989
24.947003
30.706081
42.566004
30.139989
30.460434
29.496267
28.410564
53.3781
30.586682
49.473779
30.472908
33.053476
28.53586
32.795676
47.375761
29.48666
27.552634
20.144297
27.096142
39.885274
29.860784
29.492683
29.897834
30.451508
56.884067
29.232544
20.011327
57.940658
30.752981
29.31349
36.409783
56.496302
29.853867
29.920102
6.988161
28.30522
43.320713
22.596196
20.403584
29.093413
30.645761
34.542103
30.216425
37.555489
73.092705
30.299688
29.097229
30.048072
32.717831
27.005065
47.081509
45.534404
53.326965
57.821996
34.815608
40.144245
30.002167
55.866532
47.699291
39.539983
27.570614
29.60443
44.863724
29.751833
42.497167
25.362536
29.19211
36.018374
25.818156
30.868569
29.671814
28.151606
46.619107
26.162121
39.439704
29.639373
30.181713
30.469077
30.944469
30.834477
29.668166
19.112399
40.226635
46.60725
31.330116
29.60329
29.345334
29.92453
28.348716
28.961013
31.200807
28.387852
51.034727
48.597988
29.205278
30.130388
47.500969
34.008136
29.292144
30.779874
21.260077
42.04729
25.887124
47.831628
28.717604
31.063695
53.965565
56.801509
25.270191
39.556243
30.953468
34.966323
31.138818
29.161447
30.828266
61.57623
29.005395
75.255892
55.307514
28.058256
32.904725
30.063209
28.92716
45.752304
29.810688
28.068838
49.439858
28.836765
30.248012
20.692196
36.003031
29.837099
28.60978
52.15969
29.737172
43.566469
29.604741
34.764542
29.875082
30.665882
42.736041
29.988279
51.712462
56.708275
28.497212
37.658164
29.354703
24.5808
49.163046
46.931096
48.75667
29.836084
26.178886
40.685426
29.727694
29.720768
36.869822
26.061653
19.43777
29.269071
30.179669
20.433746
30.183319
44.469023
24.922758
55.723061
30.158567
19.313126
53.218095
49.493545
30.020546
32.911815
47.159405
28.225965
27.952115
29.84045
26.149377
30.602248
32.205393
30.637375
37.622355
48.662575
31.43755
28.625901
47.836452
30.75879
44.325672
29.620546
47.99104
51.414675
30.754021
28.583697
30.906487
30.817184
75.231152
47.62234
27.47559
29.776896
29.341838
19.903849
30.141495
29.944431
48.570623
48.443137
20.955403
36.722048
29.795403
27.125746
30.364258
55.298067
30.260902
