58.852345
42.276843
56.753901
74.505124
42.044087
52.19901
33.189999
32.836921
21.222145
32.943151
39.094206
52.07139
54.641625
34.514421
32.708851
31.255125
28.349743
34.073905
49.22021
50.127705
32.866689
52.193917
58.282788
52.220589
33.423843
21.735661
30.397429
28.957664
32.883608
32.908264
55.834228
33.847976
39.997379
40.540729
53.05939
33.178052
33.078713
78.224682
36.172283
38.871644
17.402293
59.336646
59.387635
40.443562
41.588086
20.896537
46.435268
33.471627
28.681016
32.010981
41.478796
41.931425
32.485047
32.47805
33.270626
32.916089
41.21099
33.386996
42.002883
34.745337
61.948889
21.507991
32.992829
33.799223
50.73509
33.38398
63.608108
45.663738
22.241355
32.218755
32.827348
32.644311
32.950028
49.232042
32.068031
33.107168
31.548184
34.151216
48.994247
48.064432
32.907226
44.013667
32.741155
32.853305
32.731114
55.903531
58.728878
25.601358
63.221184
59.586579
50.541649
33.920043
32.574354
52.399294
33.287466
48.910048
33.603697
53.762488
62.522257
53.217403
29.415984
85.305037
33.031883
21.990026
34.280148
34.16205
26.933638
44.756758
33.548499
32.619008
33.067948
59.824395
61.318661
30.707179
37.536874
34.845387
33.159551
34.295263
32.638313
33.282327
60.790498
51.187298
61.946831
41.677411
24.934079
41.879066
43.808649
33.308464
33.296678
36.092578
33.706153
50.137337
33.527409
32.790241
38.275203
65.219385
36.092704
42.585792
32.941451
33.431379
62.148028
33.791061
51.355276
40.318536
58.066559
42.82028
32.815192
24.802826
45.322804
34.594518
33.458129
34.60772
34.015921
34.32961
38.534485
35.031238
54.440455
35.506363
34.606721
33.320698
33.945901
28.385682
82.010879
51.004842
32.93322
63.371271
32.995783
32.880468
54.359681
33.935693
34.326283
45.068734
33.505719
21.512882
57.200995
35.416648
51.624499
33.090215
65.885813
33.115107
36.777166
32.017913
33.405045
42.598891
40.090196
21.656976
60.713388
59.212658
64.486716
29.003093
34.617805
84.398269
38.479221
33.961402
61.876015
30.609111
51.646833
40.586281
47.133942
32.002198
33.862201
53.81745
60.615633
30.066222
57.63155
32.723694
32.116309
45.567597
35.85029
30.402701
28.177864
52.63023
76.460995
44.184039
47.862947
33.113889
52.072211
22.55345
47.310802
52.063678
32.941428
33.875756
33.336532
62.225305
30.555251
47.441187
32.476318
33.712268
38.237213
64.322008
65.67824
51.290093
26.40095
21.322799
34.083457
33.24737
33.709984
51.044807
43.129734
22.469472
34.530382
33.688171
32.93443
37.745526
33.022081
33.694739
34.394918
33.183938
33.908838
33.645766
40.70457
51.51636
40.139331
53.680025
31.141227
51.054839
53.505757
34.198357
31.531445
51.886248
34.020348
44.567579
61.586755
61.254037
33.819743
41.375996
46.997856
42.531326
22.740759
32.204126
33.170126
32.880671
32.053645
33.655234
55.380752
52.404494
23.835115
33.620559
23.522139
34.105409
41.211438
45.060845
32.602978
45.354159
33.475237
35.101488
58.330559
50.648651
57.966658
41.240643
32.115855
63.807125
55.475046
33.955194
59.982449
46.020518
33.348431
35.466106
33.72381
33.621231
