2.125464
0.328814
7.172744
4.509412
0.568665
0.964494
5.899001
4.738781
0.243263
0.13269
7.478049
7.88377
7.090651
6.784086
0.82307
0.52342
0.563491
5.125469
0.222589
5.044539
4.874682
7.726485
0.676263
0.407266
7.673859
7.128203
7.221363
7.476816
5.960956
0.932645
7.018737
0.875538
4.866668
0.542456
7.212744
2.432176
5.013132
6.447497
0.282807
0.40393
0.475002
6.734288
7.040261
0.215771
0.435394
0.943404
0.556637
7.42218
0.308768
0.227905
0.432104
6.361374
7.098276
0.134823
7.266025
7.796071
0.169472
0.690699
5.963863
5.11124
7.709169
1.29867
7.843874
0.216998
0.417954
0.138686
7.146492
8.005051
0.331155
5.031682
7.543397
0.587176
0.253771
0.819709
0.343974
0.757024
2.164218
7.608777
7.182408
6.91753
5.88115
0.725032
7.690011
0.393205
1.366424
5.7234
6.343813
6.947614
0.2813
0.272934
0.65928
0.83196
7.556283
6.560142
0.407087
7.555531
0.467173
0.738183
7.680626
0.855337
4.072036
0.354189
0.423273
7.207957
2.222677
7.463999
0.752332
4.092985
1.53054
0.617442
4.466251
0.50574
7.283432
7.937957
0.417741
0.281281
8.057659
0.233951
0.395117
7.756985
3.392787
0.19038
0.23497
0.19428
0.954368
7.189052
6.548441
0.504151
7.406032
5.441146
4.587543
7.960485
0.61641
0.708807
5.625951
0.329898
0.578129
0.793193
5.926997
0.401487
1.031807
0.254013
0.377738
6.249848
0.370246
4.662396
5.09339
1.318803
0.162477
6.438421
7.227444
0.331169
0.186482
0.296408
0.23401
6.542089
6.198625
7.74909
5.520019
6.784458
5.963945
7.71086
2.795419
0.243017
0.407631
0.171723
4.811397
0.152905
0.210418
0.562413
0.312943
7.220334
0.779242
0.274472
0.334743
5.486902
0.656216
0.27765
0.312839
7.876963
5.478107
0.750843
7.399289
0.532813
4.85022
7.982829
5.939748
6.650213
7.733411
0.127581
1.361166
7.307735
0.245235
7.900022
1.034021
7.835059
6.937885
0.250616
5.616604
7.460929
0.21257
0.298735
0.33231
7.789094
5.168843
7.443243
0.82891
7.517383
7.06444
8.057473
7.72367
7.330936
6.968513
0.403979
2.643816
6.346368
1.36909
7.513561
0.452429
0.711303
0.422284
4.537708
7.9543
2.622415
0.619491
0.948085
6.198457
0.30674
1.221747
5.504073
8.085239
2.546242
5.678415
0.398362
0.255792
7.878393
0.695266
6.841774
0.204962
6.03384
7.883548
0.691674
5.730355
6.196624
0.34697
0.337275
0.612943
6.535813
0.445223
3.96929
7.230879
7.068375
7.133916
7.472934
4.93397
0.179227
0.270298
8.074509
0.890684
4.851681
5.916207
0.74286
4.575301
7.172968
5.088882
0.412625
6.75054
7.532901
0.258106
7.504172
0.134227
1.26472
6.882531
4.976416
0.865388
0.594699
7.681045
0.752497
7.909938
0.345551
6.436267
0.134631
1.148127
0.318084
4.578683
0.951807
0.117618
0.753187
7.870453
4.503289
0.499693
7.738312
4.223507
4.626429
0.421817
0.47414
4.850837
5.936513
7.596624
7.656347
