25.968918
18.749387
23.586485
42.724476
25.571038
33.000368
27.294182
26.777678
26.31825
26.898206
18.640514
26.569396
26.718038
51.838606
25.69112
27.02661
26.488457
42.661277
19.622371
43.289136
26.279269
49.423213
43.141996
26.428345
26.152357
40.062507
25.035116
24.952993
41.739102
34.758392
26.278537
26.641832
26.580913
26.917161
26.727346
36.866475
27.56693
23.150426
42.069948
26.320543
25.207136
2.62125
27.531292
24.739287
26.49114
26.389106
41.651498
26.908752
27.090278
26.969674
25.373103
27.041958
26.58522
27.62632
26.417356
25.773282
27.209581
47.183334
26.387224
25.762916
27.366851
26.864981
25.640547
35.264517
27.276855
25.217501
26.623221
34.323514
33.639107
17.291588
27.542968
26.668622
26.65621
19.492191
25.680877
46.559531
25.123908
45.726767
27.092399
21.104539
28.141058
19.277776
26.407138
26.316789
26.969277
26.717257
26.757039
45.406582
22.549402
26.749158
26.225333
26.195221
26.983393
26.88235
45.235467
27.179407
27.522409
32.229516
26.755516
33.149173
51.455706
27.165698
25.878859
27.049383
26.808004
34.5588
24.286341
24.623213
26.474133
26.642919
49.381952
23.92986
49.864233
26.644455
26.340037
26.641722
25.505266
24.440218
46.460063
27.02904
26.697059
26.619579
26.244084
21.823619
35.374936
26.491515
17.867221
26.955349
25.476962
50.823161
18.673015
27.163295
27.061222
27.04805
27.359088
26.97332
22.501918
26.43852
26.574308
26.848947
25.463793
26.837295
27.93249
27.193022
26.493371
17.835131
27.226892
25.851006
25.530324
49.819938
22.313607
27.43579
25.886775
25.483462
28.375882
26.419116
28.828301
24.345162
26.732997
27.166947
27.281896
25.047761
26.28133
18.200799
27.026571
42.107414
25.270158
26.484061
26.649764
16.656015
25.08162
8.762952
26.847864
41.976139
35.238376
28.131158
34.641872
26.327798
27.22389
26.342811
37.282674
20.324
28.043898
40.218938
16.876243
27.042931
26.598306
26.183742
20.30617
26.728498
37.565044
20.284641
27.245268
48.399121
40.573782
45.104378
20.553664
26.192589
26.665462
27.154955
26.297665
26.133206
53.18633
26.686278
48.685808
34.399032
26.82884
46.811776
51.842213
40.335231
21.819857
27.399613
27.521526
42.30297
26.340478
26.385576
37.144125
32.046758
40.520193
73.355756
27.149965
3.55399
26.325195
19.391724
41.323095
42.779472
24.045075
19.471698
26.261763
27.114421
25.485064
26.933556
27.032864
27.663186
26.188414
44.783634
41.509121
26.105098
20.192603
50.107656
27.040681
27.906335
26.638375
25.985261
24.369499
46.828726
17.857546
23.86105
40.78123
21.658282
38.387275
26.71159
51.330783
16.424072
63.301055
33.661447
27.094801
27.152298
28.46307
26.987122
27.052495
26.89403
41.570379
26.884586
26.452471
25.208675
48.222342
25.867164
43.038611
41.75334
17.817396
25.857035
26.178561
39.031233
42.293363
25.889584
40.488969
27.060358
16.835705
27.303035
27.264396
26.503082
33.904944
35.280542
26.634503
49.198862
24.525196
28.032448
45.876681
22.517181
42.271931
26.41504
24.942685
26.6263
9.017814
36.29
21.81751
22.917069
26.415783
17.595863
