14.369484
15.38212
15.083433
1.268682
15.34167
3.89016
10.67455
15.697769
21.605957
10.811412
8.957498
15.133599
11.328003
12.026645
12.514716
16.065476
9.875814
11.941073
15.636428
15.594838
15.442808
15.110471
14.469543
15.148251
14.412419
15.289682
1.121658
12.254222
15.138583
16.037122
12.364956
11.255383
9.989495
15.539081
4.670436
13.973133
15.077992
9.969294
1.069217
13.352834
1.795014
15.631653
10.003795
3.5448
2.611907
15.151605
15.673277
9.965917
1.602951
15.299736
14.217921
14.365996
1.294604
15.229214
8.391276
1.080659
10.200146
7.501853
1.626719
14.561332
15.278451
11.42892
3.665192
15.013111
13.618439
15.628728
15.253824
23.76434
14.688448
13.100709
14.684546
1.833134
9.913314
15.400736
1.493787
14.750162
14.270009
14.45611
10.244213
10.440243
5.192856
0.855774
1.247606
14.710212
14.165056
2.659691
15.215087
15.426471
1.199686
0.947577
11.964791
15.356136
12.793709
14.778585
13.421769
14.956643
13.653689
10.009725
15.123534
15.31686
12.980454
13.359599
14.004931
13.810578
9.74839
15.276145
11.294764
11.118915
1.241025
15.233875
0.826231
15.223892
12.281868
10.952814
14.520236
15.922353
13.767301
13.527348
9.288746
13.384736
1.101594
14.025818
9.818953
15.476873
15.36423
13.312071
15.163092
15.021121
14.591045
0.506131
9.863031
10.536009
13.954717
12.898063
15.142874
0.57218
15.766631
0.635693
9.975131
10.098019
0.418586
1.041068
0.801939
13.712137
15.199374
15.2158
15.064539
10.17972
3.612118
0.538724
15.072063
14.752237
14.039089
3.430742
15.223954
12.777098
9.902948
12.992796
15.031087
9.268821
14.823501
9.758167
12.4201
0.59774
11.817106
14.851327
9.752758
14.724612
9.916865
9.936263
15.319076
10.574579
15.916055
1.852274
0.633728
12.404298
15.096006
3.847329
15.163937
10.138107
3.037778
14.624416
12.431904
15.44393
15.232696
15.156429
9.188892
24.636956
9.676699
1.005936
1.196025
9.650574
12.219811
9.964727
9.276995
14.228044
3.398243
12.684397
9.087106
16.326571
15.200865
9.801283
15.306624
11.392352
22.297027
1.513658
15.388186
15.3842
15.195651
13.788987
15.428333
13.528646
15.016447
8.895834
15.455873
1.172614
14.636981
10.065614
13.518328
6.687606
13.176165
9.297378
15.741807
15.292217
12.580767
9.948244
2.052326
12.943913
1.830157
11.863109
11.66382
1.697496
15.241823
15.131726
9.575811
15.022336
21.416258
9.687132
14.20752
12.604636
12.216544
2.6711
14.985198
11.528613
9.127838
15.546981
14.896825
9.851902
12.662347
15.457345
15.298518
29.773132
15.272269
15.366685
14.837286
9.29454
27.477483
1.831506
13.682983
13.293511
13.71643
14.990788
1.760766
26.531703
0.925974
14.719418
15.273904
14.112269
12.894972
2.774527
7.912585
3.190299
15.267408
10.108632
3.41994
15.110116
11.433199
1.3555
15.434759
15.152019
2.378506
12.528895
10.164391
0.745238
10.107384
14.873439
13.575856
0.539912
10.78987
14.000484
15.274739
14.198294
15.676272
12.765899
8.359862
12.1569
13.385916
14.528176
10.141888
15.346586
