0.95204
9.065656
6.258545
0.213616
8.48001
7.586228
0.191486
2.136682
9.485411
0.883236
5.774045
0.203493
8.172645
9.384301
0.278902
9.67557
9.165749
6.198878
9.726668
0.674052
0.84368
0.236089
0.753085
0.755793
0.801255
9.806488
9.192463
0.857241
0.88449
5.766293
0.302814
6.177997
0.292535
8.324594
0.614094
6.115226
9.46888
9.280562
8.998785
8.710482
0.878981
0.322259
1.007764
6.172425
0.378227
2.808074
0.343521
0.271966
1.07075
1.177225
1.228915
8.070883
1.640435
0.37881
0.319394
6.511762
1.106364
6.303199
7.229588
9.598226
6.261713
3.442687
0.425966
0.251584
8.565231
6.943798
1.70566
0.392355
0.220673
0.310513
8.055252
0.529536
0.426291
9.600972
3.155156
0.678973
1.239362
0.255936
8.328787
3.568903
9.43952
8.252111
6.102731
1.081909
5.71016
7.723305
0.312587
0.847951
0.536724
9.450703
8.414018
9.655989
6.10324
7.441472
9.583456
9.467992
9.060034
0.494487
9.070534
0.428293
1.213369
3.939477
8.995058
0.466868
0.62413
0.2315
0.380007
16.220145
8.01073
0.217031
1.704231
9.399452
0.555248
9.829704
9.249979
7.777693
9.722901
6.190836
9.481723
9.359031
0.981536
5.480552
5.464484
6.777069
8.820599
7.26021
8.401621
7.219441
0.88481
8.31293
0.683747
8.961794
8.806563
5.901113
1.147066
9.431351
0.983856
5.676496
1.499763
9.43816
0.49671
0.207317
7.5996
1.168019
9.627813
1.254358
0.271055
0.706158
1.777568
9.03403
0.405251
1.357108
5.301433
0.336105
8.484583
0.274831
7.864989
6.093487
9.084322
5.994865
0.738322
0.765673
0.404533
1.881651
8.377965
2.723453
0.62764
1.847241
5.998002
8.195628
8.678468
0.39789
8.630163
7.179317
0.868272
8.047827
0.687575
1.723903
0.274622
5.471301
8.151252
0.506672
7.498875
6.637428
9.432993
1.885597
7.223937
5.623263
0.259018
8.701669
0.223822
0.222254
0.286254
8.237456
6.282964
8.229246
5.831112
0.430528
6.151961
0.590716
1.119687
0.478188
0.665174
0.418135
2.627988
1.292768
1.810948
6.249493
6.209008
8.844952
0.333908
3.884818
0.767975
0.764199
5.325751
0.609551
0.571722
0.28489
8.330787
6.279531
3.683287
0.328014
6.3631
0.304918
1.680625
9.453183
9.246525
0.270367
5.99387
0.156463
9.594633
0.422074
5.665812
1.001763
7.980903
8.754613
1.020956
0.47881
0.697797
7.970099
0.953371
0.370947
5.74744
0.518176
0.495201
0.48652
6.060297
0.350551
9.671867
0.37751
0.322947
7.574854
6.109205
9.362038
8.185838
9.036151
1.665831
0.50584
1.016272
9.125161
5.542867
0.331218
0.4157
0.717497
7.882622
1.378348
9.304564
9.100378
8.522885
10.373747
8.167015
6.771635
8.993496
0.44432
5.825598
6.061798
0.793205
6.794083
6.205637
9.479227
9.359782
9.152518
2.143798
8.195398
5.779683
7.170861
8.905767
5.542506
0.542123
8.820387
6.04217
8.997813
0.947038
0.697244
7.246852
0.345209
7.328486
0.719101
8.239141
9.532059
