10.633856
6.972228
10.076299
10.324762
17.42131
11.536405
8.972356
8.958692
6.857138
7.47344
7.382652
8.012431
10.997205
8.419282
2.723617
10.132362
11.272199
1.846278
0.720112
1.67931
0.540079
1.386578
0.845541
1.019999
10.150995
11.07775
8.882956
8.577615
8.932175
6.001148
0.883187
11.176756
11.390692
0.718498
0.56927
10.926972
10.863115
1.231681
7.370652
0.503962
0.663922
11.382554
8.949969
0.850568
7.366533
11.184427
11.58254
9.950925
2.31753
9.543962
8.267342
0.551689
10.417612
7.539204
9.228432
10.893135
7.147107
7.972388
9.542442
7.219837
8.418314
0.443123
10.957489
8.964125
1.067491
0.301669
9.907613
0.990312
9.141279
10.950322
0.725438
11.073106
0.981002
9.972545
0.820766
0.767485
0.322028
7.917928
10.121789
11.490929
7.877368
0.890261
8.898271
9.868911
7.304749
2.169189
0.500592
7.368986
11.340373
7.449277
0.419788
7.99282
11.033113
10.581003
11.147503
6.806769
0.710443
11.567662
8.295436
0.479947
1.256072
0.66012
10.120462
6.621934
0.893551
0.494639
9.223017
10.889651
9.373471
10.597883
9.960106
3.432974
16.211912
9.606994
6.974998
11.336798
10.908447
1.074118
6.697605
19.707269
10.70707
10.58639
9.888862
7.359544
10.795322
9.157523
1.082313
9.796393
11.243636
7.386074
10.394579
7.634465
9.533234
0.610279
7.422157
11.190872
6.399051
10.947328
9.693134
11.071454
6.809413
1.8344
11.124086
6.704668
10.341612
1.387742
7.345524
9.903209
6.960973
0.619943
0.753965
11.254263
8.780246
1.518555
0.459086
11.485041
0.567599
8.777125
9.00084
11.322268
10.545986
8.929361
0.509028
11.24721
1.205739
11.36816
9.223074
10.954596
10.721341
0.737605
6.421869
1.503646
11.074127
10.131728
9.29778
0.632732
4.693643
0.658054
14.380253
0.834472
7.310646
0.497257
6.429389
3.105964
3.159093
0.673447
9.449644
11.108438
1.952085
11.350173
7.413763
10.802158
0.962963
6.739971
11.291856
8.803609
9.495419
7.269511
11.284647
1.845271
1.92815
6.303917
6.575206
10.669941
11.463779
10.626545
9.901964
10.810319
10.285948
0.520457
11.283472
10.91209
7.546521
11.317618
10.129603
0.285439
11.165413
9.110034
1.938366
7.272884
8.626106
9.417008
9.966731
0.851575
0.819987
13.019772
11.059359
11.380263
8.13643
4.890364
9.924126
8.504399
10.4887
6.907138
0.440612
10.406505
7.172644
5.316601
7.290572
7.21601
6.777245
11.076141
1.91264
0.475191
11.076107
10.988935
12.265944
3.167685
0.797054
1.669182
0.681874
10.676109
1.183819
10.629895
0.578723
10.495016
11.217782
11.539637
10.898663
1.718865
9.361798
2.268123
0.365035
4.961291
10.037945
0.817259
7.844327
9.953644
0.896158
10.603772
11.454438
0.465991
6.473851
11.432368
10.884639
11.496974
0.50747
10.476863
11.093751
6.854114
11.401659
11.118414
9.428671
11.322332
1.894133
7.077147
0.339118
7.327784
11.093393
1.731748
0.520968
9.748257
0.504266
9.180285
0.532706
0.674947
11.471882
4.382293
8.034427
10.662736
