0.024626
0.008915
0.008897
0.008702
0.009054
0.008641
0.008865
0.008979
0.010532
0.009546
0.009688
0.009738
0.009787
0.009621
0.009984
0.009633
0.009993
0.009566
0.008936
0.009106
0.008741
0.008761
0.008848
0.008778
0.008993
0.008865
0.009072
0.008937
0.00883
0.008848
0.008862
0.008767
0.008636
0.008537
0.008432
0.008795
0.008591
0.008826
0.008736
0.008638
0.008434
0.008661
0.008678
0.008673
0.008624
0.008583
0.008901
0.009189
0.009014
0.009033
0.00883
0.008975
0.009018
0.008873
0.008856
0.008949
0.008937
0.00887
0.008977
0.009438
0.008898
0.008828
0.009078
0.00901
0.008964
0.00885
0.008875
0.008532
0.00874
0.008843
0.008972
0.008883
0.008834
0.008745
0.008828
0.008722
0.008832
0.008825
0.008827
0.008998
0.008842
0.008855
0.008795
0.009003
0.009494
0.008926
0.009052
0.008828
0.008669
0.008882
0.008506
0.008913
0.008841
0.009241
0.00946
0.009206
0.009669
0.009212
0.00942
0.00937
0.009419
0.009527
0.009244
0.009334
0.009217
0.009264
0.009306
0.009233
0.009036
0.009255
0.009083
0.009102
0.008801
0.008915
0.008974
0.008875
0.00903
0.009018
0.009211
0.00898
0.009467
0.009153
0.010073
0.009114
0.009008
0.008915
0.008885
0.009099
0.008876
0.008874
0.009084
0.009026
0.008907
0.009059
0.008872
0.008946
0.009002
0.008807
0.009009
0.008841
0.008824
0.008704
0.008769
0.009009
0.008768
0.0088
0.008759
0.008926
0.008779
0.008993
0.008616
0.009591
0.0088
0.00893
0.011745
0.017226
0.01724
0.008974
0.008935
0.008866
0.008995
0.008799
0.008922
0.009654
0.008933
0.009528
0.008921
0.008952
0.008981
0.009894
0.00964
0.009097
0.015812
0.016437
0.016793
0.008943
0.008864
0.00864
0.009004
0.009049
0.008835
0.008952
0.008642
0.008936
0.009095
0.009089
0.008851
0.009396
0.009009
0.00909
0.009133
0.009469
0.008701
0.009044
0.008943
0.009307
0.008964
0.009017
0.008775
0.009336
0.009022
0.009088
0.009215
0.00925
0.009006
0.009216
0.009043
0.009056
0.009148
0.008918
0.009024
0.009246
0.009176
0.009072
0.009131
0.009116
0.009231
0.0088
0.008916
0.009113
0.009223
0.009337
0.008972
0.00914
0.008976
0.009016
0.009098
0.009121
0.008815
0.009098
0.008878
0.008999
0.009195
0.009146
0.009606
0.009025
0.008975
0.00909
0.012225
0.009479
0.009099
0.009094
0.009204
0.008711
0.008966
0.009221
0.009178
0.008994
0.009197
0.009222
0.009018
0.008816
0.008934
0.009205
0.009192
0.009123
0.008811
0.009474
0.008576
0.009081
0.00867
0.008727
0.008819
0.008764
0.008766
0.008885
0.008646
0.008789
0.008632
0.008895
0.008726
0.008961
0.00899
0.009168
0.009147
0.008853
0.009192
0.009076
0.008975
0.009063
0.009159
0.009035
0.008924
0.008979
0.008911
0.011993
0.009325
0.009024
0.008958
0.00921
0.008892
0.008787
0.009228
0.008827
0.009042
0.009208
0.009159
0.009014
0.008891
0.0094
