21.143808
13.349754
3.049214
20.516161
21.204448
18.813403
19.176561
21.173351
1.084115
21.127124
17.079105
20.855151
21.359104
20.78344
21.489343
3.070412
16.120799
18.875292
21.22611
17.130444
17.095222
19.411555
28.973111
20.830703
17.9481
21.368514
20.812599
16.076833
20.926267
20.668476
19.278846
20.286576
41.526859
21.672503
13.485867
13.911728
20.71586
21.164266
18.111277
21.136285
18.147168
21.316886
21.375731
17.454105
20.136323
21.493748
19.953229
21.574792
20.653039
16.994375
16.389031
34.535386
18.877492
21.433836
18.546117
15.424187
16.243859
21.399667
20.970113
20.070909
21.539424
2.267136
21.058216
21.080153
20.023147
21.23047
21.126384
11.774339
32.724663
20.866355
20.895965
25.4911
18.782405
18.092055
22.255153
21.411785
33.443663
21.164291
21.240567
40.208396
21.295072
20.95687
19.963372
12.488026
17.280301
20.788617
11.095671
20.634374
20.952538
21.005294
20.833874
21.257263
21.202434
16.70517
37.800482
21.394054
24.00716
24.339561
21.424946
9.216979
17.686081
13.487847
21.087337
37.261958
1.543055
21.068578
1.887874
14.209195
20.910887
20.203857
21.819616
16.60129
18.726522
24.256485
20.021637
34.232695
20.431852
16.09063
21.139467
1.885984
11.509757
21.279755
21.386847
20.609388
26.966323
21.162476
21.327066
21.332566
21.231836
13.509834
19.144892
20.591324
21.451323
14.075748
21.460795
21.027562
21.361997
1.307602
20.964544
20.875237
14.149444
5.179063
16.258386
21.129803
13.369935
19.421154
26.484284
21.042944
1.835009
20.71967
31.30994
21.845417
19.584678
21.207249
18.691384
17.060756
17.923036
19.226376
20.738863
20.982906
21.118847
22.329723
16.543382
21.298716
18.139094
21.164239
33.637781
27.599832
19.399192
38.203752
20.257111
32.670635
20.392559
19.699039
20.848311
13.888906
16.410252
19.38448
20.063888
20.908319
21.044824
20.46033
20.805718
18.655454
37.527439
22.714917
20.456067
21.487376
21.186159
13.436792
13.715908
16.536872
21.486525
19.784118
20.852428
31.549972
18.275636
21.35694
20.165753
17.823476
21.29544
21.183769
20.893346
21.223199
39.882189
21.188152
20.74982
21.136793
19.450395
20.434485
12.772222
14.557184
18.74641
21.714995
21.133687
20.857343
6.642522
16.236473
39.421442
21.377967
20.608028
35.602881
20.855564
13.837171
20.351502
20.823016
21.225351
21.158259
34.975002
20.273665
20.610807
20.740311
21.023997
4.18932
21.047422
21.071729
21.500533
12.278455
22.405252
15.917692
21.750998
21.694095
20.472737
20.986901
20.305103
20.258433
18.55556
31.701978
21.310609
22.631978
21.474805
21.483564
21.324903
20.69164
20.502397
19.534026
21.046812
20.450975
20.954935
14.620812
32.713156
20.448226
20.48748
17.780788
20.084215
26.937089
20.868091
15.56609
20.787758
16.393705
15.733474
21.272416
16.499435
20.530713
30.109815
33.226815
13.569753
27.222404
15.28959
20.206328
13.821637
19.221256
21.12573
20.356218
13.381084
21.148657
13.347452
20.589922
21.503786
21.0785
20.814575
11.692429
21.176424
20.138509
21.084754
21.399101
23.231126
21.039842
17.498505
23.08067
