0.098887
0.097221
0.100807
0.102067
0.098425
0.101018
0.096893
0.099057
0.10251
0.106239
0.098565
0.099404
0.100282
0.098199
0.098536
0.097347
0.096945
0.0983
0.097237
0.099977
0.099488
0.107274
0.100172
0.097806
0.096972
0.098521
0.178495
0.195091
0.107359
0.108135
0.105962
0.10379
0.105577
0.105882
0.104602
0.104505
0.105207
0.104001
0.102667
0.190071
0.104595
0.105188
0.101572
0.111035
0.107176
0.106068
0.183787
0.099046
0.101518
0.105847
0.110386
0.108289
0.106919
0.1053
0.11958
0.103303
0.104386
0.10204
0.103097
0.104801
0.106888
0.104709
0.105974
0.102351
0.103995
0.108197
0.104298
0.10159
0.106147
0.10673
0.10941
0.103234
0.105331
0.103359
0.101895
0.104844
0.105673
0.104011
0.105098
0.103966
0.103357
0.106228
0.10301
0.103665
0.102366
0.101222
0.104526
0.107165
0.105451
0.112057
0.107334
0.102471
0.103654
0.103243
0.103301
0.104137
0.102773
0.104332
0.108154
0.112333
0.106835
0.106341
0.107722
0.107558
0.105365
0.104927
0.103016
0.187288
0.107415
0.102905
0.106694
0.105484
0.19778
0.103438
0.104133
0.10502
0.10529
0.109747
0.109346
0.109396
0.106253
0.106584
0.105109
0.113327
0.195161
0.108001
0.109634
0.110469
0.196935
0.110173
0.113656
0.108506
0.108214
0.111373
0.109782
0.112181
0.113266
0.194334
0.117986
0.115834
0.118879
0.115589
0.11587
0.110337
0.217085
0.112108
0.11348
0.112595
0.113465
0.113203
0.112156
0.109314
0.110512
0.10911
0.108027
0.120792
0.105417
0.109335
0.106518
0.112267
0.133443
0.108238
0.106457
0.10869
0.119972
0.106857
0.1081
0.198346
0.110294
0.105526
0.105469
0.186331
0.105244
0.106231
0.108406
0.108812
0.116981
0.109254
0.197442
0.110149
0.11436
0.113204
0.111249
0.110479
0.108672
0.108217
0.105951
0.191417
0.107161
0.106887
0.10725
0.107848
0.107232
0.107833
0.106022
0.108404
0.199339
0.112933
0.110795
0.110989
0.108907
0.109265
0.113403
0.116004
0.111827
0.106806
0.106542
0.105586
0.106255
0.106025
0.104699
0.10412
0.103992
0.104319
0.105998
0.103715
0.106461
0.106603
0.190941
0.107737
0.106515
0.106394
0.106685
0.105841
0.106925
0.105672
0.10605
0.105762
0.19568
0.106389
0.105971
0.210537
0.105412
0.106064
0.108607
0.105649
0.1053
0.104988
0.106036
0.182733
0.103855
0.10711
0.106185
0.193589
0.10741
0.105909
0.103777
0.103574
0.104511
0.103303
0.104434
0.105919
0.108475
0.105891
0.105711
0.104668
0.103181
0.104535
0.105756
0.105124
0.106822
0.104822
0.106722
0.105664
0.103699
0.10475
0.102656
0.100509
0.103721
0.10387
0.105391
0.105761
0.104449
0.103933
0.104444
0.104953
0.104801
0.104143
0.105231
0.104149
0.104244
0.10341
0.105779
0.108408
0.104435
0.105103
0.104454
0.10341
0.103767
0.104182
0.102635
0.10343
0.103168
0.104306
0.106438
0.103488
0.10551
0.105696
0.104975
0.105341
