15.675501
18.438615
18.845799
18.697858
19.088875
12.38884
18.582199
12.934868
18.355904
18.996801
16.446712
18.712425
35.486633
1.833626
14.198775
17.174292
10.722537
10.93782
16.154768
27.67024
15.829049
12.31966
17.175111
12.407397
18.69746
19.514147
12.407798
17.710472
17.77396
17.675958
12.312557
23.794488
18.689079
3.921683
17.826414
16.159848
18.507421
18.367418
18.19299
13.075452
13.849329
15.727929
18.984189
12.128294
18.464461
18.327984
14.851503
19.199327
12.634628
18.073215
23.490385
10.888096
18.884894
18.671698
15.644875
18.452346
17.006282
23.494256
15.387733
18.069705
18.825509
16.896534
18.633616
3.219938
15.765547
13.93961
17.505452
18.556089
11.218861
18.892613
19.161069
2.757597
18.852288
18.977688
14.461964
11.928214
18.377935
18.123976
18.370096
19.074381
28.427816
12.001399
18.83604
14.26344
23.563937
12.082815
16.473908
18.120745
19.537323
18.444835
12.204497
17.064784
23.13508
14.890321
16.21836
18.955012
19.254715
18.800808
15.923269
15.549278
19.10364
18.861435
17.940991
26.616275
12.287686
18.20757
18.493638
10.626542
16.202354
17.052191
12.176871
18.585215
18.584961
15.894241
17.187193
12.50548
18.556193
18.84437
16.458824
15.539082
18.113824
14.874166
23.109003
18.805976
14.522158
17.477746
12.231369
14.802123
14.418554
12.029656
1.150845
5.136926
18.588391
19.156741
26.057867
18.430363
19.983565
13.39648
19.003889
18.626721
18.289282
16.647929
14.577268
1.845903
18.899699
10.550206
17.98473
15.492391
17.726414
16.97608
18.699176
18.551272
18.798875
28.598035
19.135864
18.651949
29.689421
11.020924
18.729646
18.851299
18.981874
18.534236
18.436025
17.257702
28.235925
17.875634
19.605224
16.353517
18.643757
17.97652
12.188695
17.99316
18.771019
17.215476
14.889815
16.920993
17.054373
18.451808
17.902957
18.981421
15.726514
14.237495
25.969289
2.144807
14.478432
14.34414
17.691514
18.857496
18.90028
17.800252
17.491558
2.454381
18.384962
17.30552
15.220644
20.257316
17.418236
18.912488
18.391342
18.488457
18.22579
10.315946
4.235546
28.948699
18.403798
18.585698
1.1204
18.232006
12.158295
16.645201
17.072714
3.413226
18.370695
17.754222
12.722947
11.926747
18.480283
17.297599
5.582314
15.198029
18.146392
17.818518
1.76135
18.213436
17.852171
18.30308
1.142822
15.467399
18.417055
17.40523
15.254752
18.622716
17.878154
16.280828
11.321747
12.717082
16.752332
18.76674
1.356544
18.567505
18.439177
18.258827
18.412059
19.014265
18.444223
18.587539
18.968237
14.376135
17.116258
17.226011
19.351629
18.795339
4.356894
11.656222
30.498823
18.670971
12.169512
10.627541
1.760532
32.318158
36.467523
11.883169
15.051159
17.678731
18.944739
37.000705
19.016046
33.713304
16.96072
18.102218
18.290049
18.299893
19.376778
18.82171
19.114992
13.285679
16.079734
18.398328
3.81793
17.725462
17.967328
12.257296
11.905297
16.131856
15.645406
16.823426
18.465333
12.3113
11.094689
11.359224
5.161947
23.340718
17.250576
18.86635
18.359885
18.496177
17.307735
18.516754
12.358153
13.757775
