92.150118
67.663811
44.493294
70.102209
45.324763
42.920859
55.060768
43.500884
45.399408
65.289142
81.736433
44.944455
59.693448
73.260766
81.436808
83.554036
75.640057
73.436585
83.435188
70.312373
51.846285
78.865512
72.094475
65.394632
73.53164
59.195022
44.700315
70.215277
75.317815
43.670241
41.888221
82.478069
56.722269
59.877246
44.512001
35.297033
69.348747
46.167925
94.696265
69.495672
83.327876
44.942438
44.409258
47.20113
48.02022
74.432227
75.152882
78.794376
60.57951
66.670555
68.272163
67.084291
54.626137
78.712189
63.645682
86.062896
91.331425
44.438664
57.372972
69.325263
69.836441
60.009135
61.981656
36.668357
47.806521
66.030267
72.510296
42.795629
45.611918
52.002609
72.591383
70.54728
58.79543
83.908976
43.540938
69.981016
71.94103
61.457576
47.342744
60.073268
38.591965
56.515186
76.073755
46.859692
55.086709
44.320001
39.215629
88.474546
78.073341
45.976877
70.488276
58.829955
54.479752
105.345293
72.79913
54.161823
68.952465
70.380606
44.155734
74.407739
36.65869
76.355958
44.858169
68.592961
95.017778
62.41246
94.475065
63.573275
79.499752
67.066932
60.933786
80.324144
86.484382
83.681671
43.648754
48.070357
63.591796
70.882362
71.523281
67.762635
64.367824
43.68137
70.831903
73.542178
69.271858
69.478187
42.886301
73.582855
67.790541
58.979176
46.628225
80.686019
72.793247
68.372513
79.05474
70.352584
51.722889
68.170815
84.70008
70.644456
59.463189
44.392378
46.286748
44.186218
56.28434
49.309146
66.934966
63.507623
35.329129
73.095686
41.329183
72.747406
56.02623
74.012017
44.580677
55.817834
77.937065
43.968455
90.743883
62.265065
45.574781
40.71115
81.871753
81.958814
42.198996
43.911757
46.715516
55.688977
60.251403
51.258907
70.895809
70.819693
41.280253
49.779365
47.512701
45.305011
43.016882
57.133459
77.104609
81.056453
60.384962
43.310459
46.449083
137.400725
47.038866
110.272434
48.698826
72.166386
45.537583
72.240772
76.029811
43.823473
54.205673
91.486459
41.76147
42.393447
52.898994
74.596892
77.169368
63.942545
40.150744
62.047165
107.444618
45.644691
48.570096
80.163806
56.95447
71.173537
86.71777
45.491253
69.767083
45.171279
49.889304
93.757848
49.333521
40.519505
73.558295
94.4866
83.895385
44.929922
80.851973
91.012297
74.89961
48.05142
73.898928
77.809724
48.670718
55.61567
77.793265
50.616928
95.94378
76.836222
47.559939
58.303899
79.696027
87.286002
74.957453
81.645873
68.45724
38.310298
76.057352
106.706398
90.175644
47.2328
63.635443
56.170828
75.362118
80.769009
78.082742
41.559326
48.109458
73.541201
87.256188
52.147714
91.196514
0.426002
79.099444
121.266428
41.936756
47.209567
47.885267
47.286779
70.966852
41.112165
34.522045
70.673613
73.736347
79.49115
47.117668
82.711722
44.545565
70.72385
69.6291
28.793139
53.499732
72.816319
59.382848
76.59408
68.660109
30.63987
70.65498
65.279521
85.154989
84.281417
72.394051
72.51623
57.774899
52.124132
69.373138
55.327662
57.647647
45.806679
47.473755
83.130158
89.930804
44.62934
87.985919
44.777932
63.333849
48.245674
