1.654221
18.068732
18.058406
16.589053
11.382872
2.803061
17.731114
15.707292
13.492532
2.279242
17.872542
16.089622
16.148587
16.274135
10.559352
12.594359
17.460267
34.235618
17.405467
10.718283
17.372887
10.031881
17.276023
11.614574
1.947389
12.249223
11.89233
13.256894
17.622298
16.524204
11.166533
27.25673
13.481504
17.730998
11.638668
0.996867
17.511323
15.446218
17.685607
34.00978
17.318123
11.096967
9.951887
14.476121
18.413513
17.329558
1.652667
17.75477
11.349231
11.229142
1.436725
26.524902
17.548926
3.355137
17.379906
10.582124
18.101205
16.674691
14.487719
33.523462
18.222539
15.76176
13.592915
11.288928
17.867253
16.52535
17.682503
12.569266
15.810942
11.2523
13.991508
15.14397
15.505858
17.951793
13.435364
11.63406
17.987382
17.611686
22.332506
14.386087
11.446755
28.687619
20.288338
13.914279
12.231771
22.585863
5.153934
17.241777
16.914061
16.733312
17.124396
16.452616
18.313395
11.337692
14.104328
17.458831
13.999367
17.978821
11.466737
16.066456
1.319772
17.18885
13.497755
13.39402
16.406171
15.128926
17.905126
17.824317
15.866125
15.293461
1.632067
17.422748
11.390119
11.277612
29.594022
17.933692
12.288213
17.662693
17.275393
17.187719
17.425338
9.907315
17.812802
17.705005
15.830505
16.927344
16.974583
17.825342
15.692218
1.136987
1.27256
11.458189
3.383039
17.789268
1.297096
10.758879
11.041222
17.590985
17.471411
17.438958
15.431727
16.745869
17.797395
17.628765
17.765241
17.259989
17.63789
17.228412
11.430581
16.165661
17.545514
15.615692
18.158078
17.585886
11.102243
14.375167
15.764387
17.799587
27.175417
32.735995
2.482164
16.480461
16.407209
17.816067
14.542399
16.691076
1.980637
31.320654
12.966087
17.731711
13.574309
17.811041
30.742273
18.205249
10.977766
14.149992
14.576909
14.869907
14.516848
16.536347
16.567645
11.515906
17.573641
16.816889
16.367844
17.614588
18.097963
1.018293
16.67615
11.992684
15.916124
17.673503
11.168504
16.018462
17.78654
17.757274
17.306632
17.639171
17.68997
11.702339
17.373282
17.425836
29.653691
17.385423
16.337059
24.040071
15.003378
34.722827
15.466314
11.565855
16.437061
5.314201
16.564473
1.590468
17.65498
32.352322
17.316361
12.104759
1.823457
17.726612
17.661858
14.527817
14.517951
14.195784
11.262443
17.332723
0.94192
26.462371
17.538235
16.884832
16.925079
13.577499
16.639982
17.278308
14.714578
0.827446
17.841999
12.093772
16.754544
19.552487
18.768693
29.331965
17.80671
17.392231
35.194199
16.395844
4.137776
33.893759
17.634181
28.546599
17.447954
17.524414
17.082648
1.775505
12.011926
12.985984
15.800386
17.635432
2.889092
10.866901
17.685093
9.85859
17.40241
26.00357
17.438373
17.243504
17.237931
13.744886
12.959835
11.588046
