0.049106
0.049826
0.049371
0.047831
0.046767
0.04706
0.049129
0.076394
0.046207
0.04579
0.046676
0.047277
0.04738
0.047002
0.047499
0.046472
0.046668
0.048134
0.048366
0.047268
0.046647
0.046842
0.046527
0.045954
0.047988
0.048032
0.04612
0.047626
0.049487
0.049134
0.047226
0.047406
0.045706
0.045912
0.04642
0.047854
0.047268
0.047651
0.04707
0.048117
0.073818
0.047298
0.048219
0.047555
0.048291
0.076105
0.048678
0.048536
0.048733
0.047883
0.050062
0.047539
0.045526
0.049583
0.046632
0.046868
0.098349
0.05373
0.048734
0.049646
0.090651
0.048189
0.048005
0.047904
0.051068
0.049137
0.050022
0.04825
0.049383
0.049525
0.048492
0.048891
0.048538
0.049197
0.047237
0.048058
0.049029
0.048949
0.048175
0.047946
0.048221
0.048506
0.049985
0.048051
0.047917
0.077709
0.048495
0.0479
0.049073
0.048816
0.048795
0.049559
0.049062
0.050288
0.048677
0.050146
0.049387
0.048441
0.048041
0.048901
0.049357
0.048905
0.048424
0.04857
0.048735
0.048848
0.047955
0.048749
0.048919
0.049899
0.04858
0.04883
0.048654
0.048275
0.04828
0.048151
0.04884
0.05037
0.04843
0.049315
0.049329
0.049522
0.052179
0.048396
0.047786
0.048855
0.048949
0.051235
0.049087
0.048535
0.049181
0.048833
0.048145
0.047922
0.047906
0.050304
0.051764
0.051292
0.075763
0.048311
0.049336
0.049852
0.048981
0.057763
0.04843
0.048587
0.0481
0.049713
0.048262
0.047871
0.048963
0.05344
0.049019
0.048627
0.049003
0.048835
0.048301
0.048184
0.048337
0.048406
0.048162
0.048033
0.048096
0.049378
0.049012
0.050771
0.048435
0.048142
0.047925
0.048882
0.048248
0.048187
0.049551
0.048231
0.048319
0.04806
0.048533
0.048324
0.048362
0.04874
0.049359
0.048934
0.049156
0.048987
0.05018
0.049277
0.048713
0.049208
0.048879
0.048919
0.049397
0.049595
0.049557
0.049099
0.048848
0.050048
0.048983
0.050373
0.049802
0.049256
0.049508
0.049409
0.050066
0.049075
0.04952
0.049408
0.051283
0.049559
0.048947
0.048773
0.049416
0.049457
0.050342
0.048326
0.04927
0.049248
0.050386
0.049796
0.049723
0.049172
0.048083
0.048908
0.051054
0.049792
0.049186
0.049161
0.04923
0.049213
0.049356
0.04949
0.04904
0.049261
0.049148
0.049439
0.049576
0.049704
0.049311
0.050712
0.049543
0.050675
0.050415
0.050606
0.049146
0.048545
0.048684
0.049491
0.048228
0.048678
0.048411
0.048862
0.049593
0.049937
0.049795
0.048648
0.049249
0.048303
0.048226
0.049773
0.04863
0.04982
0.049539
0.049361
0.049051
0.046487
0.046828
0.047873
0.047512
0.048918
0.048192
0.047939
0.048144
0.046863
0.047826
0.04723
0.046589
0.046987
0.046043
0.045579
0.073143
0.044941
0.045842
0.047677
0.045235
0.047077
0.045782
0.045759
0.046092
0.045805
0.045185
0.04516
0.048966
0.045882
0.046728
0.045021
0.046029
0.04842
0.047638
0.04714
0.047292
0.047959
