1.057207
0.488303
0.46472
0.450395
0.45597
0.459803
0.440229
0.995247
0.461391
0.446801
0.4554
0.459971
1.07187
0.45892
1.070095
1.003381
0.456913
0.451956
0.886896
0.461137
1.046582
0.994121
1.082951
0.464617
0.461066
1.026782
0.454468
0.451447
0.462305
0.455848
0.49496
0.464424
0.465244
1.029642
0.464768
0.470675
0.479117
0.476821
0.459878
0.465207
1.030052
1.038757
0.467766
1.060334
0.469721
0.462952
1.063697
0.46693
0.469842
1.095845
0.46156
0.479101
1.046289
0.464196
0.460315
0.46153
1.092244
0.466183
1.018657
0.476795
0.451635
0.44105
0.476823
0.488971
0.464932
1.029972
1.03394
0.465239
0.46824
0.458241
0.454638
0.473887
0.466121
0.486502
0.471749
0.470742
0.470331
0.466112
0.463322
0.46156
0.463251
0.458347
0.469695
0.456014
0.984394
0.465661
0.461685
0.459688
1.033131
1.058728
0.466965
0.469292
1.116996
0.473083
0.464711
0.454923
0.998425
0.477459
0.43334
0.439054
0.45437
1.053391
0.450048
0.454015
0.470775
0.45089
0.456976
1.012877
0.466616
1.015914
0.446732
0.990363
0.450468
1.048116
0.461753
0.492233
1.023184
0.47036
0.986818
0.474497
0.453956
1.054801
0.459094
0.464323
1.044824
0.455201
1.054648
1.015442
1.006574
1.021646
1.066252
0.466024
1.010762
0.461805
1.071761
0.466252
0.464489
0.463614
0.995544
0.997047
0.454878
0.473169
0.451928
1.047826
1.044773
0.463837
0.462148
0.465539
0.46115
0.469514
0.482722
0.469684
0.469219
0.466562
0.455458
0.456079
1.05566
0.456862
1.038934
0.456342
0.484716
0.471022
0.479341
1.064529
0.464131
1.10246
0.471848
1.037716
0.455725
0.478871
0.476738
0.458287
1.00273
1.039172
0.468717
1.082334
0.477872
0.876555
0.46776
0.460743
0.458698
0.466688
0.472122
1.05465
1.045751
0.460942
0.464776
0.475911
0.458662
0.864046
0.451294
0.901005
0.988048
0.450297
0.475753
0.464085
0.882973
0.463285
0.460976
0.457175
0.49283
0.469902
0.472003
0.459109
0.465054
0.460181
0.454748
0.47945
0.45839
0.468061
0.465136
0.472695
0.459216
0.463399
0.466722
0.465897
1.005137
0.476477
0.471773
1.025073
0.470019
1.017676
1.055487
0.47253
0.46993
0.475488
0.457786
1.029591
0.469411
0.458627
0.472392
1.005671
0.45774
0.468968
0.454278
0.432629
0.972272
0.44884
1.043954
0.467415
0.978705
0.461114
0.477715
1.070442
1.034785
0.465568
0.446149
1.013224
0.444061
0.453441
0.456463
0.465233
0.474511
0.489112
1.033598
0.456264
1.05607
0.458777
0.456139
0.466308
0.471981
0.450985
0.46633
0.979326
0.474214
0.454647
0.47252
0.463386
0.453161
1.058924
1.023877
0.466941
1.083909
0.98354
1.030353
0.475705
1.030878
0.449127
1.06194
0.975565
0.465221
0.448884
0.471188
0.4485
1.011485
0.938288
0.973696
0.444141
0.437121
0.425566
1.012177
0.464719
1.03942
0.463305
0.459764
0.465269
1.04148
0.4686
1.078646
1.019959
