5.915547
2.221518
5.157635
2.181001
2.22826
5.205464
2.198467
5.070835
2.193261
2.224178
2.213349
2.318295
2.232493
5.22963
9.332246
2.209678
2.192898
2.242538
5.192877
6.065496
2.136974
2.179975
2.184926
2.276888
6.093854
2.169253
6.03725
2.181581
5.256673
5.242718
2.247746
2.319103
2.289417
2.202239
2.210263
2.235038
2.225574
2.20781
6.014393
2.22912
5.181584
2.234105
2.188297
4.992983
8.965209
2.271811
2.229997
2.400088
2.283729
2.259816
5.176843
2.229699
2.292468
4.73183
2.22133
2.216195
2.29902
5.345534
2.225471
2.184429
2.20367
2.168712
5.242991
2.186099
5.393341
2.215185
4.963923
4.917114
2.18455
2.205695
5.018407
2.183455
5.086203
5.102051
9.054796
2.14268
4.958467
2.141561
5.175739
2.162444
2.226241
2.279841
5.845967
5.147313
2.16841
9.316461
4.892216
4.952459
2.190969
2.23628
2.180221
5.311236
2.201855
6.067676
2.27204
2.155031
8.605917
5.032546
2.187268
5.669066
9.117375
2.136271
5.873793
5.092503
2.143313
5.059477
2.212784
2.233546
2.217999
2.214352
9.175275
4.927363
5.103399
2.164162
4.997402
2.147057
2.113965
2.17691
2.1935
2.191432
6.019012
2.150452
4.974398
2.194762
5.32564
2.25936
2.159335
2.178138
5.10354
2.150411
2.136857
5.179424
2.206023
2.152226
2.118506
5.202495
2.132737
5.886406
5.140203
2.109805
2.114754
5.359648
5.264918
5.310658
2.066186
5.157251
2.151681
5.248357
2.162573
4.941104
2.205188
2.252328
2.20854
5.416779
2.197912
2.258596
6.029676
2.203308
5.230652
5.337649
2.265446
5.534715
2.1764
2.30519
5.082461
2.211632
2.200247
5.0702
4.939739
2.140782
5.29318
2.17904
2.200544
9.143243
2.236185
5.224186
2.20623
5.193251
5.090531
2.093976
2.129432
2.152468
2.1879
2.144375
2.200109
5.223056
2.148433
2.20841
5.05992
2.220099
2.227983
2.122719
2.168844
2.145834
2.089547
5.021638
2.095652
5.301757
2.165555
4.976973
5.126575
2.164686
2.213164
5.727464
2.120164
6.095247
2.176936
2.145872
14.521608
2.206708
5.146933
2.168987
2.099839
5.106846
2.176947
2.137642
2.191695
5.262964
4.906628
5.245101
4.82746
2.111153
2.182862
2.230588
5.118984
5.4001
2.181307
2.257225
5.051136
8.870703
2.122036
2.14862
5.82518
5.182591
2.121385
2.130403
2.153455
2.213655
8.744056
2.153678
2.158637
2.139446
2.200619
2.248221
5.143022
6.063814
6.001804
2.131796
2.137467
5.253749
5.141093
5.046098
2.178386
2.096596
4.72496
5.204163
2.12882
6.138059
5.252807
5.861024
2.238263
4.986101
2.226584
6.106091
2.255537
2.183043
2.19235
2.234525
2.145063
9.009348
2.184585
6.215845
5.410861
2.189551
5.144074
5.542855
2.17218
5.076914
2.211427
2.187499
5.176545
2.241364
2.191396
5.281508
2.174881
8.814131
5.409784
5.105934
2.18668
5.068652
5.282265
2.267038
2.186703
5.940828
2.217876
2.121262
2.109577
2.120803
5.160669
5.272864
