36.278774
68.247664
36.821704
81.557865
52.422893
57.540466
52.077597
65.279606
62.163534
36.893335
37.88234
37.727557
56.111766
67.927039
61.328013
35.702157
64.544887
35.848921
38.303279
37.548285
44.036278
50.300853
59.351055
38.166775
48.015606
66.875083
37.164912
36.735104
37.219008
65.862915
38.744423
51.418413
58.413698
44.035917
26.734375
38.288535
56.514012
35.072653
37.381763
37.173751
57.300415
37.372416
37.422122
37.215854
60.214909
37.641773
35.922716
37.474965
38.093099
37.166769
41.60475
66.837753
36.200189
37.834274
35.669912
68.842747
46.961791
35.771352
64.52089
43.421512
51.910241
35.864493
36.37727
26.651719
41.086205
37.926369
36.424202
35.901379
36.245461
37.461086
52.795404
39.82679
54.439306
63.535123
36.52783
36.865557
68.298717
37.801662
69.718611
51.093979
54.816859
54.22609
51.577019
45.812044
67.67306
35.062236
37.993696
55.646033
37.696735
28.081215
30.890096
29.066408
32.329829
32.730234
33.217872
36.313724
37.079242
33.860254
64.504204
59.576553
48.477368
51.554115
69.142813
53.233908
39.754694
54.477605
60.893016
36.595635
60.025017
37.657193
36.211049
44.4717
67.317419
32.812342
29.487325
44.32419
36.825468
36.962894
36.834741
61.667298
38.295016
36.244206
37.277803
38.410989
38.681459
78.043717
66.900465
56.713916
36.735672
55.632382
47.131281
37.464755
36.357163
57.354337
36.384134
29.751994
35.428973
35.796168
37.062097
37.005904
31.498304
47.40333
36.729492
38.229402
36.352196
65.379455
37.32355
34.304331
44.397145
46.074866
37.265605
69.724153
37.630316
68.039034
65.352603
58.543764
64.225379
42.132725
58.062344
35.317412
71.466803
58.540836
47.009649
54.581401
38.674034
50.722593
36.628776
45.77218
38.092823
60.631969
30.69465
47.096283
68.780145
36.452428
58.805606
48.257768
37.758568
69.256656
37.282128
46.44063
62.414645
36.673079
60.004912
39.376824
55.563889
38.487667
44.192499
36.888654
67.405957
45.458264
68.992799
66.493595
69.492781
36.296695
41.157
39.035463
38.331255
32.163042
62.350129
36.072272
66.909342
38.900928
36.503247
37.525954
35.450541
37.256855
32.210136
53.931562
36.870559
45.472438
40.121811
57.490935
36.919953
91.444741
57.359324
46.91313
57.453566
53.223569
45.851108
61.761028
58.74817
70.083591
65.957242
36.147211
38.632928
57.250885
36.343902
66.72845
39.82046
58.905151
32.650333
36.901485
28.85662
37.92654
65.026285
57.92401
24.365219
36.776802
69.80622
64.033714
55.83469
36.85386
53.949116
35.107207
36.748848
37.566181
36.024157
47.690892
36.488941
39.94985
72.046781
38.076665
78.639881
63.719037
64.103067
36.9356
67.912896
36.785778
66.883539
51.752049
36.714251
62.665025
53.13533
70.489824
57.451583
40.068338
57.583441
36.882931
54.385608
40.776354
68.522286
36.546282
31.139855
36.656833
61.285475
49.18702
56.740118
37.686949
37.040155
35.945932
55.622879
55.860565
36.117433
67.89181
41.381094
54.911219
38.262995
35.523468
42.988347
36.039514
60.065083
37.337435
36.245859
36.176549
56.558301
36.74684
37.829061
52.161512
46.656566
48.417098
