41.245336
64.776975
39.104235
40.381485
74.379707
57.526018
50.913666
39.600598
39.993846
64.345512
62.748343
52.965212
60.147911
77.296638
37.427304
78.435056
75.641003
75.969445
43.141946
62.913108
37.102718
51.995117
73.331576
40.58642
40.490073
70.321142
36.815618
83.22872
63.81515
56.996852
39.915657
60.830759
53.447872
97.611107
55.929279
61.673534
39.169815
38.638242
39.083063
41.940893
33.677286
43.915686
62.940524
77.145385
77.172881
55.997112
78.235409
59.051733
57.949505
70.51778
62.45405
54.064779
40.928968
40.342539
35.890231
38.683441
59.077929
39.196893
55.251279
43.440131
42.721699
54.924918
40.715124
69.099002
77.663042
58.416466
45.160164
36.651705
59.044181
40.853338
78.604605
47.242688
37.651509
40.695487
51.9137
74.964364
76.91593
77.963319
70.531257
69.639271
70.390244
62.588284
42.477685
62.409284
40.479206
40.805281
40.751153
51.277505
51.709857
82.683662
40.984505
79.738176
70.549535
73.055547
40.171097
71.930331
67.703031
50.432499
39.661545
74.928313
63.40103
69.487442
53.246706
67.335149
69.017214
29.303561
39.790516
62.673174
63.155385
66.747915
51.003473
77.954156
38.797953
61.016532
40.390251
74.163881
74.465268
41.810193
63.287905
45.264691
55.45171
40.416707
62.128503
41.051274
63.581636
41.44043
71.577331
64.363152
40.299808
73.302362
73.843714
63.593732
39.99051
112.817867
50.819407
40.248462
63.398935
50.362877
54.199807
64.206128
54.491109
56.51449
39.412582
40.152154
68.780663
37.384294
76.272474
57.29383
63.55659
72.395304
42.636749
42.668534
76.451956
71.329018
26.696715
34.549079
61.327753
52.974105
41.322208
64.269868
43.319103
40.117666
41.003736
62.271202
72.544389
64.837654
45.778841
60.457639
69.909121
39.595026
70.798079
75.629825
39.263497
61.248752
85.804193
50.071002
100.329307
41.584009
78.715606
39.287666
78.674606
76.850965
78.910622
64.358217
72.374501
67.323372
59.779234
34.558401
71.916292
50.175289
82.478521
30.867604
37.548388
116.632971
62.969421
72.972489
38.259503
73.21605
44.992877
53.634325
40.475451
67.732453
40.704193
28.947758
64.168497
39.808501
60.936931
67.754575
39.369793
44.475757
49.456544
70.597539
101.68402
61.626921
39.626177
54.808841
69.252467
38.968653
52.465788
75.790626
112.239982
68.960371
50.892992
55.920972
40.960886
38.251446
60.355637
114.045616
39.807376
73.017946
64.12062
61.078924
72.566163
70.313494
36.090565
68.228424
41.443957
63.973222
51.621695
73.279268
106.723215
40.427942
62.813635
93.515935
39.712412
62.26463
40.423885
62.246019
71.437009
56.245037
41.578979
39.232513
59.617464
40.068596
61.314255
40.241004
43.917016
57.111178
72.745117
38.392119
34.345824
38.831632
50.87901
48.11131
73.297823
56.438865
60.363547
42.84578
40.930464
59.846863
33.849947
40.833517
56.925923
50.863453
72.362598
40.255022
39.083801
53.968914
57.013459
77.863711
63.020374
42.239753
45.310348
36.187919
68.884435
40.566635
45.910213
40.152118
40.551184
52.96575
74.383451
73.381602
75.303311
39.65573
60.66365
37.853669
37.766403
69.201767
56.156119
65.425105
