0.213295
0.435279
0.215973
0.216397
0.214595
0.218855
0.434971
0.218467
0.215885
0.213359
0.209126
0.215067
0.219549
0.209658
0.217515
0.214108
0.213342
0.216186
0.215721
0.210055
0.211659
0.218254
0.214419
0.213882
0.421387
0.209279
0.214973
0.216376
0.211205
0.214309
0.21934
0.213373
0.21672
0.209594
0.486705
0.223955
0.22506
0.232658
0.231441
0.230645
0.229237
0.2226
0.224386
0.225411
0.220215
0.214119
0.456093
0.231075
0.467161
0.228751
0.219085
0.219925
0.22756
0.227806
0.226715
0.22611
0.228582
0.227311
0.220941
0.226505
0.459721
0.485041
0.232283
0.231915
0.23525
0.224213
0.225929
0.463645
0.224559
0.225023
0.223172
0.229748
0.219578
0.459633
0.222934
0.229192
0.228717
0.230197
0.231851
0.231111
0.228631
0.443484
0.230197
0.225869
0.227187
0.22072
0.218142
0.444149
0.238211
0.230092
0.44653
0.229995
0.237622
0.226085
0.220558
0.222379
0.428714
0.229174
0.225841
0.452567
0.218107
0.223958
0.227716
0.223903
0.457295
0.455724
0.225303
0.218396
0.226971
0.221114
0.218755
0.225758
0.222231
0.227928
0.232541
0.224929
0.22466
0.44346
0.450984
0.225503
0.22685
0.455732
0.223253
0.233205
0.234488
0.448545
0.237948
0.224895
0.233132
0.237706
0.219494
0.227416
0.223735
0.228295
0.229689
0.226061
0.226456
0.434355
0.484617
0.230407
0.225338
0.227058
0.225135
0.227109
0.222934
0.438587
0.492343
0.453915
0.218126
0.218365
0.231608
0.222768
0.226187
0.22761
0.231072
0.22257
0.222893
0.222157
0.224403
0.225714
0.218119
0.21892
0.224546
0.244006
0.218948
0.223578
0.223526
0.228484
0.227215
0.228067
0.22322
0.230974
0.22943
0.213766
0.226125
0.234689
0.228901
0.245262
0.23228
0.22646
0.223241
0.230172
0.22953
0.222779
0.22175
0.233773
0.226661
0.221534
0.23053
0.22747
0.229233
0.228556
0.223924
0.223786
0.448639
0.230599
0.226521
0.230346
0.224375
0.215794
0.462797
0.465602
0.218168
0.223141
0.226843
0.224381
0.227587
0.231157
0.225365
0.221688
0.220471
0.229619
0.22384
0.225783
0.43961
0.466285
0.221605
0.220165
0.221479
0.230365
0.22831
0.233267
0.240568
0.235678
0.231985
0.23569
0.235324
0.234723
0.232031
0.231551
0.505518
0.233929
0.476889
0.240591
0.238139
0.24112
0.237047
0.238003
0.234322
0.235515
0.22506
0.23685
0.236462
0.236109
0.233883
0.235255
0.231068
0.237048
0.243393
0.471785
0.236381
0.239671
0.240527
0.466931
0.67894
0.240882
0.481552
0.236255
0.234284
0.227322
0.232048
0.233982
0.243002
0.223665
0.228642
0.236684
0.232414
0.244004
0.231541
0.240388
0.501291
0.234218
0.235978
0.235354
0.236592
0.473966
0.24043
0.231522
0.234846
0.237229
0.240589
0.233078
0.472212
0.483296
0.232104
0.472312
0.239307
0.249071
0.243624
0.489022
0.237301
0.448512
0.226974
0.237857
0.236989
0.237337
0.234277
0.244534
0.239136
0.234276
