22.923097
22.69837
17.984725
23.975529
44.232104
23.664061
23.787976
24.073214
21.908872
23.518458
42.251024
33.158168
24.151754
23.293599
23.477956
36.342362
23.437319
17.93371
24.223489
23.252045
40.975808
44.222668
44.515051
22.889959
16.193974
24.249456
19.135567
23.299552
42.926029
39.720078
24.063596
34.684822
34.609094
20.742714
23.003038
23.544336
24.326563
23.711985
21.617848
24.054581
15.74601
19.898457
23.982304
23.241305
18.213302
20.139361
23.813774
19.329921
29.220269
24.848682
37.388089
33.308098
43.317292
24.144972
13.318364
25.094392
20.741419
24.642038
30.692096
23.442149
24.514824
23.66174
37.092162
28.528331
5.28854
23.272691
20.857227
19.231093
35.104141
23.366481
20.917453
21.981948
41.381833
24.665439
23.978696
40.238976
26.852831
15.531351
21.648628
22.612745
23.298725
22.443424
20.492248
18.35246
19.396154
16.733044
23.360948
22.583136
27.097911
23.401398
46.749074
22.701822
18.434643
23.043053
23.752686
23.79581
24.256883
24.260586
23.776555
33.240841
38.369398
22.880746
27.645384
22.633183
24.389684
22.557462
23.04197
24.286485
44.668264
23.682738
23.539436
21.268589
23.867599
23.930901
28.595303
23.35834
19.398184
24.249025
22.144326
22.825323
21.568766
15.340334
23.814836
20.359345
30.508948
23.04396
38.312467
12.05615
24.839703
15.298746
26.050601
24.819952
19.009048
16.075698
29.283788
7.526777
24.090375
23.963881
23.436345
24.860935
23.917666
23.592852
15.511558
20.728908
22.885211
41.74801
23.899855
24.207357
23.005336
23.944619
27.090391
22.906638
38.74382
22.951097
24.261359
30.967533
36.986444
21.106121
24.343083
23.477032
23.130836
23.522428
24.087807
23.786211
22.021954
22.565059
24.737429
36.295214
30.231368
23.461782
23.248587
22.788219
22.159897
43.50128
21.009916
28.747513
20.072091
51.843059
23.487
30.473557
23.796326
35.679024
21.811522
36.290457
15.238628
43.687186
29.192842
22.18588
23.190153
23.5224
24.49313
21.569314
22.911612
44.707218
23.820475
20.49542
16.630802
15.724513
24.17295
25.278114
19.51587
2.820294
24.104762
50.87895
17.177109
21.661692
16.912937
36.852786
22.842568
41.81484
45.875922
38.07512
24.753095
22.103026
16.90128
23.467865
22.328967
25.391013
44.505681
23.969925
19.401727
23.18853
23.504694
31.103436
44.914883
16.568166
19.752879
15.384667
23.763376
23.657586
24.305146
15.575226
15.406504
23.756963
15.472747
42.959722
23.766181
22.953243
31.262797
41.459256
21.628598
24.606819
23.383557
20.597143
19.170434
43.521795
18.151391
23.93675
15.349958
24.000393
23.375271
45.064585
45.379629
23.435039
25.113767
24.329113
23.413422
20.443476
18.137167
37.020333
24.263717
33.49612
23.995695
21.992946
21.662383
23.009615
23.821489
24.037129
41.240116
37.182514
24.191021
19.057214
24.035551
25.165851
23.425331
23.534408
37.898485
24.024186
31.065479
22.105676
23.914099
22.385325
17.645
23.746616
38.928085
22.491445
15.529536
22.136519
19.403034
22.054197
26.634581
15.083924
17.314292
24.300606
23.109053
30.249864
22.387665
22.692216
22.960403
19.661066
