0.0005393729399999999
0.00113775913
0.0008580632700000001
0.0015846045100000002
0.001995072759999999
0.0015070029599999998
0.00154442065
0.0011857011899999998
0.0014271777099999993
0.0016872486099999994
0.0014628217200000008
0.0017448431399999988
0.0018076551700000004
0.0018261644499999998
0.0016806305899999996
0.0020386983900000004
0.0020263244600000007
0.0021549756899999994
0.002351239289999999
0.0022399738599999997
0.002413895999999999
0.0029149491799999993
0.002590878450000001
0.002920287129999999
0.0028196326799999993
0.003056035050000001
0.0031750000499999992
0.003243437860000001
0.003310610500000001
