4.864597148410244e-17
5.3093830026534814e-17
5.097390350888132e-17
6.299315852907648e-17
6.765464038300522e-17
5.751173268995603e-17
6.743582710286719e-17
6.269684161323929e-17
6.796579870555738e-17
6.626840407943842e-17
6.99789955295054e-17
1.0128405878270488e-16
6.157702441926899e-17
8.399784517668526e-17
9.28043348936623e-17
7.586599553049727e-17
9.985633710387329e-17
8.600695413858662e-17
1.036615196206745e-16
8.669265072293357e-17
1.0155829221112806e-16
1.3836014080976014e-16
1.11204511884175e-16
8.996675745966826e-17
1.0629827524526235e-16
8.801541562440054e-17
9.436601869029492e-17
1.1258328088760445e-16
9.759288766878279e-17
