2.8622937353617317e-16
4.440892098500626e-16
2.498001805406602e-16
3.400058012914542e-16
4.510281037539698e-16
4.2760933682828295e-16
2.7755575615628914e-16
2.636779683484747e-16
3.642919299551295e-16
3.608224830031759e-16
7.216449660063518e-16
1.5543122344752192e-15
3.3306690738754696e-16
3.608224830031759e-16
5.551115123125783e-16
4.961309141293668e-16
8.881784197001252e-16
1.1379786002407855e-15
8.326672684688674e-16
5.134781488891349e-16
6.245004513516506e-16
1.7728873924482969e-15
9.818534874028728e-16
4.440892098500626e-16
6.938893903907228e-16
5.134781488891349e-16
4.098284211995207e-16
7.077671781985373e-16
4.163336342344337e-16
