1.1091281498375356e-14
1.136207962567845e-14
1.039867631581179e-14
1.5496316998152813e-14
1.3395618795835034e-14
1.0812205745711735e-14
1.173383391589889e-14
7.398227310362236e-15
9.107417026544688e-15
9.67518699559801e-15
1.0636807320484821e-14
1.2761791406620815e-14
7.389242930312278e-15
7.727801756255044e-15
9.28043348936623e-15
8.800455481537683e-15
8.587644990933103e-15
9.804792771798874e-15
8.29292156965396e-15
8.149109167955755e-15
8.124663376890245e-15
1.2729132954497933e-14
6.2274526655138e-15
8.636808716128153e-15
1.084242407501676e-14
6.689171587454441e-15
1.0002797981171262e-14
9.231829032783564e-15
8.197802564177754e-15
