5.4349984227332555e-17
5.832298396831136e-17
4.818769554603728e-17
5.984409662458676e-17
6.832162321569367e-17
5.5375231750833474e-17
7.021249846407567e-17
6.666479741190924e-17
6.65350968462308e-17
6.093024580276254e-17
6.330818111010255e-17
8.198074260341088e-17
6.090030156260278e-17
8.113014147871694e-17
9.065611608828745e-17
8.088019691398142e-17
8.599520003352267e-17
8.659327926081233e-17
9.665892883792205e-17
8.192735149354647e-17
1.0583818053516878e-16
1.1158939263909927e-16
1.233475762288508e-16
1.0312799068714505e-16
1.130034856310269e-16
9.178729816562492e-17
9.138723679784292e-17
1.0778824803253802e-16
9.850155233682801e-17
