0.005037148130000002
0.0019611902400000006
0.0017849068500000005
0.0020958049199999995
0.00211611761
0.002854578270000001
0.0028368182500000012
0.0026002278699999997
0.002840408670000001
0.0032446835899999993
0.00340816818
0.0035512454299999998
0.0036593671600000004
0.0038626150999999994
0.0036686833499999997
0.00449259832
0.00456749188
0.004613058519999999
0.005046207500000003
0.005260073509999998
0.00532214286
0.00611536798
0.0060196236199999975
0.0066577881700000015
0.006868342019999998
0.007467244319999999
0.007663444920000004
0.008113343500000002
0.00815218448
