3.41740524767431e-16
4.440892098500626e-16
2.220446049250313e-16
2.7755575615628914e-16
4.510281037539698e-16
4.2760933682828295e-16
5.898059818321144e-16
2.7755575615628914e-16
3.469446951953614e-16
3.608224830031759e-16
5.273559366969494e-16
4.926614671774132e-16
3.3306690738754696e-16
3.608224830031759e-16
5.551115123125783e-16
5.169475958410885e-16
4.440892098500626e-16
1.1379786002407855e-15
8.326672684688674e-16
5.273559366969494e-16
7.91033905045424e-16
1.7728873924482969e-15
9.818534874028728e-16
6.800116025829084e-16
7.355227538141662e-16
3.0531133177191805e-16
4.098284211995207e-16
3.191891195797325e-16
4.0939474033052647e-16
