1.2391796403831822e-14
1.248111856921863e-14
9.830289891391605e-15
1.4721647769648342e-14
1.3527681396707346e-14
1.0410543569156693e-14
1.2216974732749165e-14
7.866446094605291e-15
8.915702977394928e-15
8.89581588720333e-15
9.622843528735587e-15
1.032957356802977e-14
7.308036187512334e-15
7.463973016041958e-15
9.065611608828744e-15
9.382102842021844e-15
7.39558720288295e-15
9.871633835732606e-15
7.732714307033764e-15
7.701171040393369e-15
8.467054442813502e-15
1.0266224122797132e-14
6.907464268815645e-15
9.900287105965924e-15
1.1526355534364743e-14
6.975834660587494e-15
9.687047100571349e-15
8.838636338668118e-15
8.274130396293553e-15
