0.00654669749
0.006456506330000003
0.0067742609399999995
0.008278704239999997
0.008775346519999998
0.009779931879999999
0.009905294190000004
0.01201973859
0.015287819670000003
0.01533322568999999
0.019160932109999994
0.021500382760000002
0.02745655856
0.028982381629999984
0.031532911059999995
0.03467536700999999
0.04167465523999999
0.043407098129999995
0.05223186065999999
0.05617038275999999
0.06370939850999999
0.06967579677000002
0.07796568652999997
0.08091681987999999
0.09000075925
0.11479868340999998
0.11854095695999993
0.13386037601
0.14016161368
