4.5823335782807965e-17
4.938055071733104e-17
5.309021436568786e-17
4.80895042209427e-17
5.547251039490213e-17
6.53576637936546e-17
4.9228531396275335e-17
4.1624644630972965e-17
5.782639781072049e-17
4.726053481699591e-17
5.633243956058077e-17
4.4051844162365646e-17
5.629578356379967e-17
5.771050536602812e-17
6.269389241725577e-17
6.111286245576626e-17
7.932438018728281e-17
7.153421373769693e-17
9.236499007766093e-17
4.3682994926254946e-17
5.849131720280772e-17
6.611223914000499e-17
8.315107861515495e-17
6.098875465215185e-17
1.0538445116559103e-16
6.769037216020067e-17
7.751529246522554e-17
9.300843512673872e-17
9.945747928933694e-17
