4.579669976578771e-16
3.608224830031759e-16
3.4049369226907267e-16
3.3306690738754696e-16
8.881784197001252e-16
4.996003610813204e-16
1.8388068845354155e-16
2.220446049250313e-16
3.3306690738754696e-16
4.579669976578771e-16
3.3306690738754696e-16
2.3592239273284576e-16
2.914335439641036e-16
2.220446049250313e-16
3.885780586188048e-16
2.498001805406602e-16
3.170207152347615e-16
4.579669976578771e-16
1.3322676295501878e-15
1.734723475976807e-16
2.0816681711721685e-16
2.220446049250313e-16
3.191891195797325e-16
3.0531133177191805e-16
2.636779683484747e-16
3.3306690738754696e-16
5.551115123125783e-16
3.365363543395006e-16
8.465450562766819e-16
