1.3472060720145541e-14
1.1999473824311443e-14
1.1945298232279768e-14
1.0243064399060794e-14
6.9895363097576685e-15
8.23506563800048e-15
4.725939014042432e-15
3.1218483473229725e-15
5.724813383261329e-15
5.104137760235558e-15
6.083903472542723e-15
3.7003549096387145e-15
4.728845819359172e-15
2.7701042575693498e-15
4.325878576790648e-15
2.2000630484075856e-15
4.521489670675121e-15
5.36506603032727e-15
4.433519523727725e-15
7.86293908672589e-16
2.2811613709095013e-15
1.1900203045200897e-15
1.2472661792273243e-15
2.3785614314339222e-15
1.2646134139870924e-15
1.624568931844816e-15
1.6278211417697364e-15
2.232202443041729e-15
3.878841692284141e-15
