7.278899705198683e-15
2.2519421398639855e-15
1.2048196641745168e-16
0.0
1.3877787807814457e-17
7.084372536479155e-16
2.8307696876166346e-35
8.054838117258495e-16
3.176851564007948e-15
4.201757276708784e-15
8.398382327258201e-16
4.708981015872364e-16
3.009530232859257e-16
3.178138285877471e-8
1.830480211850727e-15
8.496182443627083e-17
7.90866305668238e-17
2.636779683484747e-16
1.2878587085651823e-15
1.4030291678236192e-12
2.498001805406602e-16
6.574146840960395e-15
8.632834384475513e-16
1.621343728790528e-15
9.909637247094375e-17
3.8581334661057034e-17
5.864392005534786e-13
