4.263256414560601e-14
7.086779061035003e-15
3.885780586188048e-16
0.0
2.7755575615628914e-17
2.4808382392282726e-15
1.1323078750466538e-34
2.220446049250313e-15
4.862348415839783e-14
3.0531133177191805e-14
2.285025671153673e-15
1.9333246336334168e-15
6.661338147750939e-16
8.66129994392395e-8
5.551115123125783e-15
2.482534153247273e-16
1.2412670766236366e-16
1.7763568394002505e-15
3.552713678800494e-15
3.5438318946034997e-12
8.881784197001252e-16
8.735411376597512e-14
1.837589179357618e-15
5.329070518200751e-15
3.2279990379728117e-16
5.551115123125783e-17
2.8867045437037718e-12
