0.005576133728027344
0.04212808609008789
0.006368160247802734
0.0017359256744384766
0.0017020702362060547
0.03575396537780762
0.0028629302978515625
0.008298158645629883
0.2225348949432373
0.21138405799865723
0.009000778198242188
0.12348580360412598
0.013165950775146484
0.010948896408081055
0.07953906059265137
0.006552934646606445
0.00611114501953125
0.00459599494934082
0.005914926528930664
0.02162909507751465
0.008281946182250977
0.04361414909362793
0.011919975280761719
0.058363914489746094
0.00523686408996582
0.003964900970458984
0.018922090530395508
