9.55118354297636200e-15
1.14681848417190660e-13
5.77744869953041000e-14
1.08574226828450980e-13
7.18987623372441400e-12
5.16838646037359650e-11
2.52298063825687530e-11
1.14316243670329090e-11
3.21143395114365540e-10
4.09725757247360400e-12
2.71918491676850620e-8
5.63044021149702000e-10
1.51465500804983140e-7
1.98755637668853270e-9
0.003696258749588731
5.02898473093682200e-11
2.27208321065684030e-8
0.019840759093235554
0.03041146964854121
6.82172396382010000e-10
0.03164912732058555
0.032985090154820096
0.01418471242123998
0.0014007906939794592
0.009810416151966575
0.027032261685925936
0.06354860378223948
0.0013198480726111916
0.023752060896889107
