0.00825634000000001
0.01225932000000000
0.01750663999999999
0.02856004000000002
0.04653176000000000
0.06546148999999999
0.08160653000000000
0.13519235000000000
0.18612429000000000
0.28789014000000000
0.41042561000000010
0.53140191999999990
0.71325226999999980
0.91593795000000000
1.46467767000000000
1.79354721000000000
1.95363991000000000
3.44160743000000000
4.52860335000000300
4.77926770999999800
6.21105724000000000
8.69094185000000000
11.15761892000000000
14.45171988000000000
10.83678852000000000
13.95773547000001000
28.03317315999999000
25.67034274000001000
27.98721456000000000
