1.57168722481060290e-12
2.39283037828386100e-11
5.99553739988323300e-12
1.23623430286004530e-11
1.10257636354305080e-9
2.98089837535986400e-9
2.39643754840201950e-9
1.21613208392545860e-9
2.79794820923218170e-8
1.80904610735943550e-10
2.99865248102477700e-6
3.69595103827391500e-8
0.000017192183965856072
1.00588988638516950e-7
0.29806586896523700
3.11226389798635600e-9
1.56668029740840430e-6
0.22876523662038550
0.45914663290537916
2.79613248665988580e-8
0.33246190826337380
0.39887784257476416
0.27145748158313620
0.08406288731959659
0.18059690715646814
0.51885829754015570
0.93326161901865280
0.035228982303444414
0.17212379508330072
