2.17766984779861050e-12
2.45419155612788040e-11
1.17859953470420370e-11
2.67092597997989400e-11
1.42359549427743400e-9
9.71656654550236100e-9
4.38998631056696300e-9
1.34893167530988330e-9
4.30332149453249800e-8
5.98199605581146100e-10
4.13316107348812800e-6
7.09435466648624600e-8
0.00001817586009659798
1.82855186655345000e-7
0.37701839245805074
5.83362228788671300e-9
1.95399156116488260e-6
2.57929868212062230
3.22361578274536780
6.41242052599089500e-8
3.60800051454675300
5.87134604755797700
0.99292986948679900
0.13727748800998710
1.09876660902025640
2.70322616859259400
13.34520679427029000
0.11614663038978490
2.85024730762669300
