0.008739489999999999
0.02038423
0.047253246666666665
0.10627592666666666
0.23408453333333332
0.5410296633333334
0.8732524933333332
1.7919929166666668
3.372399553333333
3.39445842
4.611753963333333
6.941959843333334
9.35106683
11.074266346666667
14.554853223333334
17.879534590000002
21.60018686
25.889448813333335
30.68687534
36.90736698333334
40.78282979333333
49.19234893333334
56.856581810000016
66.95538021
75.92703333666667
85.19659129000001
98.53717257666668
109.94800892666666
124.06144782333331
