2.3463414817332978e-12
1.4555598790650008e-11
6.624169592217268e-11
1.150910028098987e-10
1.9490104979914738e-10
1.0568803917780872e-9
1.079534456078764e-9
1.9424105179952996e-9
8.955804097048589e-10
2.6755456524182793e-9
1.3348824658855904e-8
2.8177332291948783e-8
1.1717935118582709e-8
1.1814836656954463e-8
1.0963013324533084e-7
3.076040981517797e-8
2.984015948907818e-8
4.296794961629704e-8
6.018033870858116e-8
2.6182998483422433e-7
5.093317416775286e-8
1.607698380450895e-7
2.7120347216694896e-7
1.886324720677298e-7
7.4639781712592325e-6
1.8042286114628913e-7
3.7841301906521207e-7
7.104036942616325e-7
9.469265886718846e-7
