2.0764083909144228e-15
1.1336136129789726e-14
4.587375063862374e-14
7.157400672257382e-14
1.1137202845665565e-13
6.216943481047572e-13
5.622575292076896e-13
1.0431850257762081e-12
4.4734286199043905e-13
1.3206049617069494e-12
6.549963031823309e-12
1.2489952257069496e-11
5.380135499808406e-12
5.213961454966665e-12
4.6453446290394424e-11
1.3744597772644312e-11
1.2423047247742791e-11
1.7903312340123766e-11
2.611993867559946e-11
9.963089225046588e-11
2.0721389002340463e-11
6.665416171023611e-11
1.0677302053816888e-10
7.112838313262813e-11
2.7122013703703605e-9
7.009435164968497e-11
1.3841002891924362e-10
2.5209499441505765e-10
3.4308934372169734e-10
