1.5523531417750814e-13
1.7461587731304462e-12
9.471146089623517e-12
1.7311254699446613e-11
4.86290400950462e-11
6.826716627569592e-10
2.1854525762191063e-10
2.790070513005119e-10
2.693835728025716e-11
1.6787362894588443e-10
3.5920594663719098e-9
7.123346332643104e-9
1.3441457543916334e-9
1.0946370712263859e-9
4.9543303826247284e-8
9.814141549324684e-9
4.101539716201167e-9
1.2259608061947713e-8
9.339255077125695e-9
7.067896483546864e-8
2.6630677041479593e-9
3.5217950216159535e-8
5.9469029845717545e-8
1.1235162416551748e-8
3.51256991137236e-6
1.9572569810993218e-8
8.502910239786337e-8
1.4755722914985674e-7
4.021933382346128e-7
