0.0003813269033333334
0.0007943932000000004
0.001148208266666667
0.0022069113033333304
0.004579402939999994
0.007904892426666666
0.013041059153333335
0.02101974515666667
0.033841711576666655
0.060775871593333336
0.07878199128333324
0.09239700831000001
0.11361141941666664
0.18286925328666667
0.2350862773466668
0.2543946651899999
0.3270909051066665
0.3929842909633331
0.46809221739333345
0.5595548103599998
0.6733845904
0.743184370366667
1.0785645056066673
1.1923778482966663
1.3784140712399997
1.6355073300500016
1.8118399937499998
2.123389500653335
2.3938731953199994
