===== RESULTS FOR dim=7, deg=2, nonzero=3, Bertini v1.6 =====

===== TEST 1 =====
1                                                

-2.391331886916847e-01 6.938893903907228e-18
1.958130089903176e-01 -4.857225732735060e-17
2.733205213144959e-01 -5.551115123125783e-17
-3.666088343358387e-01 4.163336342344337e-17
-3.889220078026513e-01 -1.387778780781446e-17
6.658225912179219e-01 -2.775557561562891e-17
9.387595679252450e-01 -3.053113317719180e-16



===== TEST 2 =====
1                                                

-5.602758142397153e-01 -1.110223024625157e-16
1.658047004099865e-01 2.775557561562891e-17
5.317224187739908e-01 0.000000000000000e+00
2.606153527658334e-01 0.000000000000000e+00
-2.572606533795672e-01 -2.775557561562891e-17
7.649119769687671e-02 2.081668171172169e-17
6.493503385595902e-01 1.110223024625157e-16



===== TEST 3 =====
0                                                



===== TEST 4 =====
0                                                



===== TEST 5 =====
0                                                



===== TEST 6 =====
2                                                

-1.085736350358515e-01 6.938893903907228e-18
6.871696827028745e-02 -6.938893903907228e-18
6.892415004579593e-01 1.110223024625157e-16
-7.590049598548958e-01 -5.551115123125783e-17
-3.931246632657592e-03 -5.204170427930421e-18
-1.452949741792871e-02 -2.602085213965211e-18
-1.585162118972577e-01 -2.775557561562891e-17

-1.010933647803171e-01 1.040834085586084e-17
1.068315422647925e-01 -2.081668171172169e-17
-5.591583553861352e-01 5.551115123125783e-17
7.511939604098159e-01 1.110223024625157e-16
3.631492497061637e-03 1.257674520083185e-17
1.887743751701631e-02 6.071532165918825e-18
-1.619468767710534e-01 6.938893903907228e-18



===== TEST 7 =====
0                                                



===== TEST 8 =====
0                                                



===== TEST 9 =====
0                                                



===== TEST 10 =====
0                                                



===== TEST 11 =====
0                                                



===== TEST 12 =====
2                                                

7.279934132428441e-02 2.498001805406602e-16
7.836253781771615e-01 -1.498801083243961e-15
5.075632061625708e-02 5.967448757360216e-16
3.110773736270864e-02 3.885780586188048e-16
6.241786313025968e-01 -6.661338147750939e-16
8.337310279478630e-02 1.804112415015879e-16
8.511576631293158e-02 2.983724378680108e-16

2.862078906112507e-01 -1.734723475976807e-17
1.362286481221341e-01 -2.081668171172169e-17
3.495552843637545e-01 -1.387778780781446e-17
4.768963155894775e-01 -1.387778780781446e-17
4.765189522911387e-01 -6.938893903907228e-18
1.550298176578458e-01 0.000000000000000e+00
4.463657933398216e-01 -2.081668171172169e-17



===== TEST 13 =====
0                                                



===== TEST 14 =====
1                                                

-9.104601481412961e-02 0.000000000000000e+00
4.151076392318132e-01 5.551115123125783e-17
1.443162358119377e-01 0.000000000000000e+00
-5.989397060351604e-01 -5.551115123125783e-17
-5.401378007701527e-01 5.551115123125783e-17
8.949872159143213e-01 -8.326672684688674e-17
1.677774335061404e-01 -1.387778780781446e-17



===== TEST 15 =====
2                                                

5.694141995852827e-01 -9.853229343548264e-16
-3.542527287892159e-03 6.570265165262157e-17
-9.239016998571838e-01 -3.219646771412954e-15
8.288615038692398e-01 1.193489751472043e-15
-3.255804530801651e-01 -6.453171330633722e-16
8.731876636393929e-02 8.673617379884035e-18
1.179642958408577e-01 5.551115123125783e-17

9.843745059499485e-01 -5.204170427930421e-17
3.770080615512854e-02 -2.710505431213761e-20
3.113601310255346e-02 -1.355252715606881e-19
-1.145463805823010e-01 2.331034670843835e-18
1.630152783099032e-01 -1.626303258728257e-18
9.225085725179157e-02 3.252606517456513e-19
1.240605837489924e-01 3.252606517456513e-19



===== TEST 16 =====
2                                                

6.266118576074250e-01 5.551115123125783e-17
4.608742985416039e-01 1.110223024625157e-16
1.305847342533467e-01 -8.673617379884035e-18
-2.450145750913905e-01 1.040834085586084e-17
3.661258469060003e-02 5.811323644522304e-17
-3.461965878258599e-01 1.387778780781446e-17
-2.754704704386323e-01 -8.326672684688674e-17

2.034028059760750e-01 2.359223927328458e-16
1.520398117437613e-01 -1.734723475976807e-17
-3.412689118178062e-01 6.938893903907228e-18
-4.194079576538787e-01 -1.387778780781446e-17
-3.284159598520485e-01 -7.632783294297951e-17
-3.549629742311513e-01 -1.387778780781446e-17
-3.080092214503741e-02 6.938893903907228e-18



===== TEST 17 =====
0                                                



===== TEST 18 =====
0                                                



===== TEST 19 =====
2                                                

-1.248256734144951e-01 1.387778780781446e-17
-1.627281149011174e-01 6.938893903907228e-17
-2.376064225963177e-02 8.673617379884035e-18
-2.849289435391563e-02 1.561251128379126e-17
-1.931867448907725e-02 1.734723475976807e-18
-2.431334558454617e-01 -4.163336342344337e-17
-3.959661670915920e-01 -5.828670879282072e-16

-1.344264460676642e-01 -1.387778780781446e-17
-3.278598506073113e-01 8.326672684688674e-17
-2.858362880751844e-02 0.000000000000000e+00
7.652510105215438e-02 -6.938893903907228e-18
3.836002732589808e-02 -1.040834085586084e-17
-2.757171469241507e-01 2.775557561562891e-17
1.645953741785146e-01 1.387778780781446e-17



===== TEST 20 =====
0                                                



===== TEST 21 =====
0                                                



===== TEST 22 =====
0                                                



===== TEST 23 =====
0                                                



===== TEST 24 =====
4                                                

-4.126625167475724e-01 5.551115123125783e-17
-7.122740677898905e-02 6.938893903907228e-18
-1.782089340968403e-01 2.775557561562891e-17
8.773595094561203e-01 0.000000000000000e+00
-1.394310787829510e-01 6.938893903907228e-18
-1.344707914341564e-01 2.081668171172169e-17
-1.560926101267315e-01 1.387778780781446e-17

9.989596753064753e-02 0.000000000000000e+00
9.397296152964280e-02 3.122502256758253e-17
5.146215065576639e-01 2.775557561562891e-17
6.638993611695884e-01 -5.551115123125783e-17
6.504288724485818e-01 2.775557561562891e-17
-1.703287960016169e-01 -1.387778780781446e-17
3.985309513403440e-01 1.387778780781446e-17

6.023594666129675e-01 -1.387778780781446e-17
-2.927961678722857e-01 3.469446951953614e-18
2.294958296198283e-01 -1.040834085586084e-17
3.395750016655438e-01 1.040834085586084e-17
-3.220600857349986e-01 2.081668171172169e-17
-1.731043882053011e-01 3.469446951953614e-18
3.524559340320303e-02 7.372574772901430e-18

7.763343792136251e-02 1.526556658859590e-16
-8.778444549754605e-03 2.428612866367530e-17
-8.098372126558795e-01 -3.885780586188048e-16
7.810889884937600e-01 -5.551115123125783e-17
-5.944181596314749e-01 -4.996003610813204e-16
-1.184152596211139e-01 6.938893903907228e-18
-7.374857138277121e-01 -2.775557561562891e-16



===== TEST 25 =====
1                                                

4.436459292506957e-01 2.775557561562891e-17
8.066225623317355e-01 4.163336342344337e-17
-1.856149997047837e-01 -6.938893903907228e-18
9.503086228681862e-02 6.938893903907228e-18
1.838478674125325e-01 1.040834085586084e-17
2.724135043384596e-01 1.040834085586084e-17
6.049006110966051e-02 4.336808689942018e-18



===== TEST 26 =====
0                                                



===== TEST 27 =====
0                                                



===== TEST 28 =====
0                                                



===== TEST 29 =====
0                                                



===== TEST 30 =====
1                                                

6.016625229353432e-01 -1.942890293094024e-16
-7.664553602227756e-02 2.428612866367530e-17
-4.163704657875175e-02 1.387778780781446e-17
5.860425551276795e-02 -3.122502256758253e-17
-1.211452914391883e-01 2.775557561562891e-17
4.992280931965266e-02 -1.387778780781446e-17
9.344618190680749e-01 -2.775557561562891e-16



===== TEST 31 =====
0                                                



===== TEST 32 =====
2                                                

-5.695783167377503e-01 2.775557561562891e-17
-2.081884208446260e-01 -1.387778780781446e-17
2.958306932958712e-01 2.775557561562891e-17
-3.772640951087289e-01 0.000000000000000e+00
-2.275244930354225e-01 -2.775557561562891e-17
8.736775400706423e-02 0.000000000000000e+00
2.557710010902997e-01 0.000000000000000e+00

8.176143131972381e-01 -2.775557561562891e-16
-1.167105857909942e-01 -1.526556658859590e-16
-1.707278134185817e-01 -2.775557561562891e-17
-3.871208022311911e-01 -5.551115123125783e-17
-5.144595807938683e-01 3.330669073875470e-16
-2.149719185338501e-01 1.526556658859590e-16
-3.951521323803297e-01 3.053113317719180e-16



===== TEST 33 =====
0                                                



===== TEST 34 =====
0                                                



===== TEST 35 =====
0                                                



===== TEST 36 =====
0                                                



===== TEST 37 =====
0                                                



===== TEST 38 =====
1                                                

7.619571443572715e-02 1.387778780781446e-17
8.014580774896524e-02 0.000000000000000e+00
1.227375622233349e-01 2.081668171172169e-17
5.401290302731133e-01 1.110223024625157e-16
2.380667088286696e-01 6.938893903907228e-17
-6.654391532406868e-01 -1.110223024625157e-16
-2.044251738311882e-01 -6.938893903907228e-17



===== TEST 39 =====
1                                                

-3.062289855850132e-01 2.775557561562891e-17
3.431770721537912e-02 -3.469446951953614e-18
-4.173411468085604e-02 -1.040834085586084e-17
-8.207798497257788e-01 5.551115123125783e-17
3.899312895520343e-02 -1.387778780781446e-17
3.675859644473403e-01 -2.775557561562891e-17
8.968235845285442e-02 0.000000000000000e+00



===== TEST 40 =====
0                                                



===== TEST 41 =====
2                                                

1.596753589695714e-01 0.000000000000000e+00
3.663985858065593e-01 -5.551115123125783e-17
5.439634383510681e-01 6.106226635438361e-16
1.299012012993419e-01 0.000000000000000e+00
1.623386397501932e-02 -1.647987302177967e-17
-2.127449542381143e-02 1.734723475976807e-18
-7.440642682535896e-01 -5.551115123125783e-17

6.075838181186863e-01 1.387778780781446e-17
2.928233347032333e-02 2.081668171172169e-17
1.480231763906972e-02 7.589415207398531e-18
3.248201409636902e-02 -2.949029909160572e-17
-1.573837813875172e-01 -1.387778780781446e-17
-4.510242945798533e-02 8.673617379884035e-19
1.957596517199815e-01 3.469446951953614e-17



===== TEST 42 =====
0                                                



===== TEST 43 =====
0                                                



===== TEST 44 =====
0                                                



===== TEST 45 =====
0                                                



===== TEST 46 =====
0                                                



===== TEST 47 =====
0                                                



===== TEST 48 =====
1                                                

4.069604465750424e-03 -2.970713952610282e-17
-5.484584109304184e-01 2.775557561562891e-17
9.181141985805127e-01 2.220446049250313e-16
-9.106156200299707e-01 -5.551115123125783e-17
3.451739226563855e-01 4.163336342344337e-17
2.809551042145845e-01 5.551115123125783e-17
3.389944135333505e-01 -1.387778780781446e-17



===== TEST 49 =====
0                                                



===== TEST 50 =====
0                                                



===== TEST 51 =====
0                                                



===== TEST 52 =====
2                                                

-2.067839311014834e-01 -5.551115123125783e-17
-9.199951438089872e-02 -1.387778780781446e-17
6.340566856933842e-01 5.551115123125783e-17
1.216427799053433e-01 -1.387778780781446e-17
4.859156752630948e-01 0.000000000000000e+00
-4.427909755298946e-03 -3.903127820947816e-18
5.444894033714964e-01 1.110223024625157e-16

-6.128686247202756e-01 0.000000000000000e+00
-1.503487635703698e-01 -2.081668171172169e-17
-1.655097692718363e-01 -5.551115123125783e-17
1.088566789534698e-01 2.081668171172169e-17
-4.628213758871734e-01 -2.775557561562891e-17
-4.292438897461561e-03 -2.385244779468110e-18
1.035541032548906e-01 1.387778780781446e-17



===== TEST 53 =====
3                                                

1.030812807706624e-01 6.938893903907228e-18
6.909373003064545e-02 0.000000000000000e+00
5.716013879789823e-01 1.110223024625157e-16
3.499027180927894e-02 6.938893903907228e-18
6.077979047324210e-01 5.551115123125783e-17
1.619718884127384e-02 3.469446951953614e-18
8.227463928341326e-02 3.469446951953614e-17

2.873040050006478e-02 -8.673617379884035e-18
2.998053821584266e-01 0.000000000000000e+00
2.398072552546544e-01 0.000000000000000e+00
7.921463984790135e-02 0.000000000000000e+00
-1.186474173537907e-01 -1.387778780781446e-17
-1.006281102914536e-01 6.938893903907228e-18
-2.412972404575060e-01 -1.387778780781446e-17

4.211035585612190e-02 -5.204170427930421e-18
-3.092379249074556e-01 1.387778780781446e-17
-2.845451596245300e-01 5.551115123125783e-17
7.071015164571416e-02 -6.938893903907228e-18
-4.633059116386471e-02 6.938893903907228e-18
-1.037567092629117e-01 -1.387778780781446e-17
-2.088263306732794e-01 2.775557561562891e-17



===== TEST 54 =====
0                                                



===== TEST 55 =====
1                                                

3.746675520232769e-03 -3.464025941091187e-17
-2.942235379340025e-01 1.023486850826316e-15
2.441775779985607e-01 -1.214306433183765e-16
-5.639489429589347e-01 1.873501354054952e-16
-5.239457533121662e-01 4.371503159461554e-16
-4.057168143631519e-02 -4.943961906533900e-17
1.805236220917865e-01 -7.806255641895632e-16



===== TEST 56 =====
0                                                



===== TEST 57 =====
1                                                

3.807926108191634e-02 -5.204170427930421e-18
-2.671851771479701e-02 0.000000000000000e+00
-3.890074125286420e-01 1.665334536937735e-16
-8.693840152469190e-01 -1.110223024625157e-16
-2.094900301537629e-01 0.000000000000000e+00
8.009273628074319e-02 -6.938893903907228e-18
-1.050286614511193e-01 -1.387778780781446e-17



===== TEST 58 =====
0                                                



===== TEST 59 =====
0                                                



===== TEST 60 =====
2                                                

-6.186781678567836e-02 5.204170427930421e-18
-5.581976683108743e-01 1.110223024625157e-16
6.789377467149562e-01 -1.665334536937735e-16
3.754627512700445e-02 -3.122502256758253e-17
-4.991187897506103e-02 3.989863994746656e-17
-1.764288651995019e-01 -2.289834988289385e-16
-2.995797055305647e-01 1.013078509970455e-15

9.949477896761555e-02 -6.938893903907228e-17
2.139153371832013e-01 0.000000000000000e+00
-4.709913669728116e-01 1.110223024625157e-16
-2.161845241987616e-01 5.551115123125783e-17
-1.740912578924396e-01 0.000000000000000e+00
-2.366306185044964e-01 1.249000902703301e-16
5.429214591964941e-01 -6.106226635438361e-16



===== TEST 61 =====
4                                                

6.831690975917883e-02 0.000000000000000e+00
-1.143304847247218e-01 2.081668171172169e-17
3.664736163114196e-01 2.775557561562891e-17
-1.079151163953578e-01 0.000000000000000e+00
-1.579076310282537e-01 2.359223927328458e-16
2.771812568995263e-02 0.000000000000000e+00
4.688452020807619e-03 -1.647987302177967e-17

6.713361705181044e-02 8.673617379884035e-18
-1.132493476691716e-01 -1.040834085586084e-17
-3.543815524589862e-01 -4.857225732735060e-17
2.154245237024641e-01 2.775557561562891e-17
1.061542656714545e-01 -2.966377143920340e-16
2.729225334465114e-02 -8.239936510889834e-18
1.027729408188802e-02 -4.943961906533900e-17

6.701151479629811e-02 -1.235990476633475e-17
-1.131377507215589e-01 1.561251128379126e-17
-4.302169307950734e-01 1.266348137463069e-16
2.494402276191965e-01 -5.984795992119984e-17
-1.944168136937879e-01 4.224051664003525e-16
3.102819355422249e-02 6.613633252161577e-18
-5.186906082921953e-02 7.199102425303749e-17

6.839610276297672e-02 6.938893903907228e-18
-1.144028182986666e-01 -1.387778780781446e-17
4.138255770184244e-01 2.775557561562891e-17
-1.291550032582166e-01 -1.387778780781446e-17
2.065712227716845e-01 -1.526556658859590e-16
2.890723281699342e-02 0.000000000000000e+00
-2.870665918417832e-02 6.938893903907228e-18



===== TEST 62 =====
1                                                

-1.968556484364253e-01 -2.775557561562891e-17
2.801355918376890e-01 -1.387778780781446e-17
6.764553000802064e-02 -1.040834085586084e-17
1.270890868318252e-01 6.938893903907228e-17
-2.916735482112623e-01 6.383782391594650e-16
2.222615747516537e-01 1.318389841742373e-16
5.938751892826701e-03 9.757819552369540e-18



===== TEST 63 =====
0                                                



===== TEST 64 =====
0                                                



===== TEST 65 =====
0                                                



===== TEST 66 =====
0                                                



===== TEST 67 =====
0                                                



===== TEST 68 =====
0                                                



===== TEST 69 =====
0                                                



===== TEST 70 =====
0                                                



===== TEST 71 =====
0                                                



===== TEST 72 =====
0                                                



===== TEST 73 =====
0                                                



===== TEST 74 =====
0                                                



===== TEST 75 =====
0                                                



===== TEST 76 =====
0                                                



===== TEST 77 =====
0                                                



===== TEST 78 =====
0                                                



===== TEST 79 =====
0                                                



===== TEST 80 =====
0                                                



===== TEST 81 =====
3                                                

-4.905117622996662e-01 2.775557561562891e-17
4.624896286388778e-01 8.326672684688674e-17
-5.594798636165386e-01 0.000000000000000e+00
7.686992595755200e-02 6.938893903907228e-18
-5.389583494595764e-01 -1.110223024625157e-16
-2.033834728155683e-01 -2.775557561562891e-17
5.773462492521743e-02 1.387778780781446e-17

-5.180995141008375e-01 5.551115123125783e-17
-1.986349326783222e-01 5.551115123125783e-17
-5.826843748469039e-01 5.551115123125783e-17
1.117728718340033e-01 1.387778780781446e-17
3.735820374028695e-01 5.551115123125783e-17
4.556044307390691e-01 -2.775557561562891e-17
-1.837609271897940e-01 -6.938893903907228e-17

4.890085313534113e-01 -2.775557561562891e-17
-3.844235425916639e-01 8.326672684688674e-17
6.226228327822427e-02 -3.122502256758253e-17
-4.165879609674140e-02 -3.469446951953614e-18
5.764244268876476e-01 0.000000000000000e+00
1.585013409487887e-01 -6.938893903907228e-18
4.235560864518999e-02 -3.469446951953614e-18



===== TEST 82 =====
0                                                



===== TEST 83 =====
0                                                



===== TEST 84 =====
0                                                



===== TEST 85 =====
0                                                



===== TEST 86 =====
0                                                



===== TEST 87 =====
0                                                



===== TEST 88 =====
0                                                



===== TEST 89 =====
2                                                

1.745984276843476e-02 1.439820485060750e-16
-3.322069992755287e-02 -1.353084311261910e-16
8.020435341646881e-01 5.551115123125783e-16
1.540247611601018e-01 -2.775557561562891e-17
-8.250010285531578e-02 1.179611963664229e-16
-4.718461527072199e-01 -1.387778780781446e-16
5.795718639459123e-01 -5.551115123125783e-17

-2.098644542144174e-01 1.387778780781446e-17
-6.485478741612038e-03 -3.035766082959412e-18
-8.846923309433011e-01 1.110223024625157e-16
1.413357474962974e-01 -1.387778780781446e-17
1.644607402624340e-01 -2.081668171172169e-17
-5.353138681780715e-01 2.775557561562891e-17
-5.175317795952554e-01 5.551115123125783e-17



===== TEST 90 =====
0                                                



===== TEST 91 =====
0                                                



===== TEST 92 =====
0                                                



===== TEST 93 =====
0                                                



===== TEST 94 =====
0                                                



===== TEST 95 =====
1                                                

-5.247312123947058e-02 -8.586881206085195e-17
3.178517342607653e-01 4.371503159461554e-16
-2.959786913700539e-01 -2.428612866367530e-16
1.726011043702107e-01 -1.110223024625157e-16
-9.904082772599087e-03 2.298508605669269e-17
-9.532965904027800e-01 2.026157019940911e-15
4.691198389816505e-01 -8.326672684688674e-17



===== TEST 96 =====
0                                                



===== TEST 97 =====
0                                                



===== TEST 98 =====
2                                                

-9.238160206605575e-02 4.336808689942018e-18
1.377844558513424e-01 -1.734723475976807e-18
-7.225436679394125e-01 -2.081668171172169e-17
-2.299421324052700e-01 -6.938893903907228e-18
1.463609595600366e-01 1.734723475976807e-18
-1.121494363115882e-01 1.734723475976807e-18
3.843129004003207e-01 0.000000000000000e+00

-2.909250560459100e-01 -4.163336342344337e-17
3.701321375626349e-01 -2.775557561562891e-17
-2.660766120304101e-01 -6.938893903907228e-17
-2.142712511329595e-01 1.387778780781446e-17
4.863487475564386e-01 -5.551115123125783e-17
-3.370137233690422e-01 0.000000000000000e+00
-5.915905473807181e-01 -2.775557561562891e-17



===== TEST 99 =====
1                                                

1.226393459696786e-02 6.288372600415926e-18
2.960338843326419e-02 8.673617379884035e-19
-9.667998861818269e-01 -2.775557561562891e-17
-6.233658645415528e-02 8.673617379884035e-19
2.469601368093000e-01 0.000000000000000e+00
4.508055114033283e-02 2.602085213965211e-18
5.354647539353271e-02 1.734723475976807e-18



===== TEST 100 =====
1                                                

-1.756481631926294e-01 -1.387778780781446e-17
9.039758872173891e-01 -2.775557561562891e-16
-1.384276382866652e-01 2.081668171172169e-17
2.033206554647918e-01 0.000000000000000e+00
-6.723572126120446e-03 -4.336808689942018e-19
5.170921908471410e-01 -1.110223024625157e-16
-9.509778249799503e-01 1.110223024625157e-16



