0.19258207959795920e-16
0.18839519792705110e-16
0.25730639902901050e-16
0.20345831959380650e-16
0.21402810664173290e-16
0.22438927029280220e-16
0.27630584707849020e-16
0.29332845833321670e-16
0.41174893281698120e-16
0.29350578264304420e-16
0.30173458001683140e-16
0.53749026228933460e-16
0.27876158098244820e-16
0.41867135310005700e-16
0.37057142514755350e-16
0.41508162374443690e-16
0.39738225996474850e-16
0.45852844381321200e-16
0.76473641667922730e-16
0.38454531477611880e-16
0.55191312161646210e-16
0.40123565850561120e-16
0.52794356163110310e-16
0.38226135341054550e-16
0.46285391769324950e-16
0.42313070407379320e-16
0.31322146612835650e-16
0.36325844646277840e-16
0.49829482706640380e-16
