0.15108630000000000e-1
0.71812000000000000e-2
0.10185280000000000e-1
0.17562620000000000e-1
0.29878199999999990e-1
0.53274490000000000e-1
0.84639530000000000e-1
0.13457743999999990e0
0.38334742000000000e0
0.78868530999999960e0
0.11808590900000000e1
0.17935973100000000e1
0.27236152499999990e1
0.45178774799999970e1
0.59652255100000000e1
0.15680852450000000e2
0.14107142270000000e2
0.36596104060000000e2
0.33607752690000010e2
0.43891690769999990e2
0.65080443100000010e2
0.86063161980000000e2
0.14067013403000000e3
0.18636297662999990e3
0.18233725798999990e3
0.27885448795999990e3
0.39509550220000000e3
0.54553960214000000e3
0.47223335508999990e3
