0.24980018054066020e-15
0.22204460492503130e-15
0.27755575615628910e-15
0.24980018054066020e-15
0.33306690738754700e-15
0.38857805861880480e-15
0.33306690738754700e-15
0.66613381477509390e-15
0.44408920985006260e-15
0.66613381477509390e-15
0.33306690738754700e-15
0.66613381477509390e-15
0.12836953722228370e-15
0.55511151231257830e-15
0.22204460492503130e-15
0.44408920985006260e-15
0.33306690738754700e-15
0.54123372450476380e-15
0.88817841970012500e-15
0.44408920985006260e-15
0.55511151231257830e-15
0.66613381477509390e-15
0.66613381477509390e-15
0.55511151231257830e-15
0.55511151231257830e-15
0.22204460492503130e-15
0.22204460492503130e-15
0.27755575615628910e-15
0.44408920985006260e-15
