0.43908714148334700e-14
0.40316572356388940e-14
0.52490505401918130e-14
0.50050746620076400e-14
0.42377565115063120e-14
0.42185182815046810e-14
0.48077217391657290e-14
0.34612758083319580e-14
0.55174356997475480e-14
0.42851844265884460e-14
0.45863656162558360e-14
0.67723773048456160e-14
0.33451389717893790e-14
0.38517764485205240e-14
0.37057142514755350e-14
0.48149468354354670e-14
0.34174874356968370e-14
0.52272242594706170e-14
0.61178913334338180e-14
0.36147259588955170e-14
0.44153049729316970e-14
0.36913680582516230e-14
0.29564839451341780e-14
0.36697089927412370e-14
0.47211099604711460e-14
0.32157933509608280e-14
0.33201475409605790e-14
0.29787192609947830e-14
0.41856765473577920e-14
