20.888253
17.691078
18.895568
24.638191
19.521061
23.2729
20.167001
20.132531
20.897509
21.904768
16.59694
21.425053
22.692123
16.292282
20.599807
22.575283
20.599811
20.084786
23.409551
16.329654
20.566023
22.441789
21.361551
20.740077
18.110864
21.307167
15.145953
15.626771
21.487755
19.015766
19.176415
19.159102
23.175343
16.27748
15.663045
15.568373
18.304539
17.62036
19.641986
15.317826
21.193163
23.716384
21.755877
20.733987
21.63671
17.891075
26.383881
17.511037
18.673916
17.130898
19.402567
22.614082
21.265557
22.367867
21.065387
20.673959
18.052691
19.751473
19.837065
24.405754
20.546445
22.008609
21.969984
19.48732
20.077923
22.793191
18.842526
20.866918
20.15395
21.286333
21.858913
24.636391
18.552774
22.391486
17.626842
20.936267
17.675329
19.367193
29.902774
23.616698
18.934402
24.435858
24.043274
20.712448
24.539252
17.97647
21.782872
14.519316
17.266611
15.955121
19.149036
20.96768
21.983974
16.276465
19.965611
19.589749
20.448728
18.872547
18.079957
17.307482
20.819168
23.235971
22.245169
21.552191
17.978282
20.812542
15.772793
18.641324
22.735938
17.918789
24.351114
16.337435
18.02605
22.163772
22.210448
15.05756
23.098206
16.583632
22.001177
25.149768
19.520545
22.708856
17.880936
22.336302
21.113223
18.884933
21.623895
18.177755
18.654956
19.983792
19.873286
22.368899
16.892757
16.38993
17.135933
18.856731
21.16122
19.091987
20.543815
13.632578
22.709434
16.501605
21.606166
21.161508
16.999577
23.794682
21.068224
22.034536
19.23776
20.835596
18.573804
22.260881
19.979931
19.462828
21.47057
20.678975
23.144415
17.666741
20.121783
23.766714
22.850222
20.415091
17.986861
17.250816
18.280903
25.788796
22.653089
15.366219
20.16353
19.731639
20.391911
23.936254
19.064937
24.983621
21.769436
23.661356
22.660937
17.940914
20.520594
18.271678
19.297648
16.120339
22.860581
20.427919
22.245633
21.316929
19.329904
18.997333
18.310439
17.966303
23.169906
20.634935
22.304566
17.866707
22.276107
20.819238
23.873356
19.645738
15.28774
23.070374
21.283041
16.089189
14.597873
23.71253
24.697885
18.908122
18.855382
18.310935
17.019352
16.198745
16.870966
15.617512
19.127304
17.63684
17.349844
17.592084
19.467035
21.580082
21.400771
19.992703
22.048307
15.616988
21.064821
18.155224
18.109869
21.875114
20.552532
17.455759
19.279738
18.968325
17.767926
18.994688
17.957555
18.464368
19.624817
21.746559
18.132663
18.716594
16.304201
18.716629
20.327405
14.548322
23.912924
18.926945
19.787875
21.691984
20.528216
15.659079
17.394441
21.642899
21.736026
17.793986
19.519608
21.54319
16.298098
14.191363
22.47064
22.861604
22.81803
21.254674
24.641417
19.292632
21.417639
19.267734
18.115017
25.428887
19.438197
19.613261
20.81209
24.5535
19.850915
24.219147
20.618736
17.183482
19.381129
22.051343
20.072739
16.129835
17.458803
20.845936
23.912715
23.03739
20.061816
21.19602
20.548379
19.1879
15.446295
20.347524
20.202299
27.397933
21.875725
20.733677
17.543375
17.299409
24.510417
21.748813
20.891594
18.331302
17.14345
17.141389
