0.092076
0.089686
0.101695
0.054136
0.057379
0.069439
0.102844
0.071269
0.111649
0.070882
0.074425
0.054485
0.062296
0.088984
0.068868
0.053447
0.072325
0.056753
0.061975
0.046183
0.084308
0.078224
0.090394
0.059654
0.087011
0.080243
0.157164
0.066829
0.080286
0.078809
0.069315
0.068834
0.052122
0.07796
0.061547
0.075223
0.075297
0.079132
0.043039
0.084092
0.06759
0.058487
0.094366
0.062029
0.058482
0.06593
0.048672
0.074645
0.091122
0.067851
0.05667
0.053907
0.057424
0.067203
0.065445
0.058045
0.059343
0.11404
0.085685
0.067858
0.08615
0.071645
0.046668
0.054539
0.057425
0.077921
0.051492
0.076415
0.087217
0.084177
0.077833
0.054352
0.069239
0.095989
0.070338
0.100712
0.092875
0.114656
0.060756
0.067334
0.039775
0.067386
0.071546
0.07458
0.053159
0.070386
0.057541
0.09691
0.074947
0.062596
0.066603
0.085871
0.06521
0.069854
0.059672
0.061333
0.108697
0.059863
0.073111
0.08437
0.060836
0.087679
0.080404
0.062707
0.125454
0.048381
0.133258
0.054582
0.060175
0.101818
0.084137
0.052674
0.066279
0.067041
0.120627
0.069502
0.129578
0.054851
0.086111
0.057765
0.061678
0.088324
0.096505
0.071487
0.055654
0.062847
0.060761
0.076352
0.049783
0.07617
0.057707
0.058883
0.092911
0.084689
0.080424
0.058309
0.060596
0.07788
0.100372
0.055726
0.068275
0.079216
0.062937
0.101608
0.087233
0.06057
0.06707
0.068368
0.069044
0.057713
0.10225
0.093281
0.081009
0.084361
0.055927
0.03722
0.081054
0.089368
0.073921
0.073231
0.056751
0.066949
0.083125
0.092679
0.067145
0.077145
0.048476
0.068065
0.087106
0.069433
0.093746
0.047623
0.068941
0.106888
0.096176
0.11043
0.065524
0.060361
0.070697
0.062374
0.073084
0.059616
0.070195
0.091537
0.079828
0.098632
0.079213
0.065816
0.058389
0.066765
0.059877
0.060114
0.113962
0.061521
0.093166
0.054916
0.05582
0.052844
0.072724
0.059203
0.084836
0.080405
0.097524
0.043072
0.067338
0.083343
0.05043
0.101221
0.058501
0.084068
0.062388
0.070046
0.077777
0.058838
0.071325
0.101162
0.0788
0.06331
0.053734
0.057022
0.069706
0.050132
0.073895
0.055917
0.126756
0.087542
0.068195
0.055566
0.070616
0.083003
0.090248
0.077266
0.075785
0.102724
0.070009
0.066887
0.079265
0.056127
0.071957
0.076412
0.079255
0.083531
0.13558
0.095426
0.051738
0.102516
0.06607
0.092106
0.052892
0.055942
0.053722
0.057779
0.065583
0.07534
0.076898
0.056763
0.061971
0.086086
0.098055
0.054201
0.096169
0.053763
0.069602
0.060951
0.071107
0.075095
0.125778
0.089267
0.082009
0.08569
0.058948
0.046831
0.043519
0.053441
0.084531
0.053372
0.114175
0.082276
0.084448
0.128954
0.072146
0.05524
0.066959
0.085292
0.045147
0.104788
0.054125
0.103913
0.06515
0.073582
0.073604
0.067967
0.078802
0.067038
0.042197
0.077023
0.073197
0.08682
0.055795
0.079765
