0.359021
0.452841
0.577783
0.719995
0.433043
0.656352
0.655442
0.53621
0.637286
0.619473
0.564156
0.612528
0.616221
0.572768
0.406255
0.61009
0.635531
0.688164
0.553465
0.606229
0.634401
0.611335
0.624216
0.557138
0.572272
0.389123
0.536476
0.634975
0.519681
0.423034
0.440485
0.484887
0.441358
0.595727
0.68425
0.626546
0.498238
0.618688
0.669409
0.490735
0.41272
0.641667
0.73782
0.546224
0.761223
0.434674
0.804069
0.582333
0.492608
0.543425
0.413675
0.461326
0.669472
0.633234
0.514046
0.517884
0.703595
0.673115
0.402832
0.654124
0.56967
0.564213
0.425456
0.557985
0.622423
0.693855
0.709272
0.650725
0.711134
0.857341
0.770162
0.501758
0.619419
0.645844
0.521272
0.406391
0.619734
0.668866
0.513968
0.591137
0.74538
0.347617
0.496576
0.781548
0.641625
0.846354
0.729926
0.544982
0.86537
0.735858
0.817681
0.823699
0.493593
0.628304
0.768142
0.504386
0.714334
0.5982
0.788888
0.534395
0.572912
0.604285
0.556034
0.52706
0.415113
0.593217
0.574413
0.673019
0.624012
0.488096
0.568152
0.667555
0.80482
0.462906
0.781416
0.558393
0.711243
0.668586
0.694796
0.495855
0.581061
0.717922
0.431469
0.767755
0.518593
0.593621
0.479239
0.580643
0.567738
0.950146
0.482903
0.805951
0.793967
0.609664
0.588723
0.570246
0.520161
0.592264
0.578179
0.54272
0.533303
0.622777
0.574431
0.5805
0.781161
0.534488
0.874496
0.710489
0.723579
0.451717
0.822569
0.647654
0.705643
0.866239
0.585893
0.541011
0.35193
0.542855
0.446845
0.629954
0.662395
0.675285
0.617708
0.512895
0.743793
0.867391
0.640073
0.40243
0.600217
0.805636
0.916693
0.692002
0.416473
0.631979
0.629051
0.601471
0.568216
0.507859
0.658082
0.778791
0.739364
0.775576
0.733711
0.883778
0.644586
0.40824
0.658453
0.564443
0.425247
0.622692
0.733863
0.6588
0.670619
0.439616
0.878026
0.590338
0.620612
0.643354
0.769094
0.502361
0.66908
0.414987
0.668398
0.717437
0.646266
0.715528
0.594123
0.388993
0.634674
0.849829
0.769761
0.533041
0.89426
0.803199
0.700656
0.671961
0.758098
0.569807
0.680518
0.642505
0.704477
0.665901
0.56647
0.690797
0.503927
0.695887
0.594172
0.886596
0.580226
0.664064
0.569559
0.759601
0.808744
0.507078
0.763258
0.566263
0.87472
0.535441
0.675892
0.594661
0.56107
0.597931
0.748874
0.380223
0.509418
0.719029
0.544368
0.558103
0.60761
0.649948
0.726587
0.682228
0.741472
0.645072
0.706516
0.55799
0.69914
0.882221
0.54817
0.541477
0.739297
0.335227
0.603848
0.483125
0.557599
0.588647
0.646502
0.743051
0.757999
0.753097
0.553987
0.608518
0.596457
0.530238
0.651606
0.561521
0.792293
0.707869
0.682782
0.600595
0.635251
0.604073
0.920169
0.544439
0.532955
0.968774
0.603008
0.539415
0.771377
0.759365
0.668683
0.626239
0.579218
0.701061
0.5929
0.468336
0.886346
0.968887
0.461317
0.624513
