213.975286
232.05824
251.180447
265.914691
255.174479
305.222293
275.538034
224.255814
261.871537
265.541423
245.627653
292.153131
264.42558
208.533327
200.556787
249.441995
225.23285
235.003126
235.236626
212.531243
226.962504
245.785271
246.275093
200.818116
232.361806
207.407945
262.337208
289.520095
253.88235
225.343309
232.553253
203.734837
271.753577
266.647583
304.14791
262.017749
262.027619
277.846383
252.114986
240.759247
274.391042
306.491473
226.854246
251.894625
247.895954
227.930444
263.750403
283.663741
228.016916
218.170447
274.302026
249.573776
241.440872
231.573494
231.528699
236.46005
236.483895
270.047232
239.557718
248.344255
223.559871
286.678921
264.344126
285.723967
216.623358
262.612186
238.882733
246.308207
249.949747
252.647142
204.041444
188.058766
254.008089
253.759027
244.158893
240.749928
263.53703
248.30053
291.860016
259.169042
257.123431
290.397399
241.526877
235.762909
244.774604
214.480441
253.060438
227.008702
251.057849
233.087366
224.458986
267.828317
277.430654
274.942889
253.758958
221.869766
258.109053
219.785914
236.01423
259.549601
239.469392
227.235007
266.620974
265.148962
270.750782
284.970793
303.575259
295.493157
211.406747
243.590445
242.567848
297.964377
253.171454
320.867825
226.644251
253.904866
223.819343
258.41077
261.782732
273.329883
242.935198
235.033757
246.032454
250.097473
225.273272
252.690194
233.176032
276.367284
255.164739
233.085982
199.497596
265.943952
212.466842
242.944675
275.550039
232.818512
224.063859
258.582462
294.493069
263.859863
233.817616
269.998139
227.121412
236.909123
285.52895
245.515132
263.36531
252.053011
225.020059
236.048936
257.564868
213.67956
241.005859
204.296778
245.652002
249.751113
199.382199
250.194497
259.74246
223.428595
204.789116
232.310751
276.92239
236.699166
263.879874
247.563107
293.674649
280.12537
296.701465
273.903026
280.103014
235.053613
262.192057
234.246597
227.389752
248.038159
239.630513
250.500737
266.313427
212.822588
285.108829
255.654756
243.265064
220.360709
251.082926
301.104542
265.727206
247.943715
249.261578
238.562862
259.564586
243.95818
260.663738
294.420156
232.871577
258.005442
256.041408
321.67251
252.783828
272.885473
329.691785
249.647761
275.098439
253.037846
267.510528
274.409659
246.881683
247.121582
268.645498
196.4171
227.258935
251.139627
213.629803
212.677628
244.33027
271.345458
241.799478
243.144514
204.941388
217.04043
215.209851
218.993626
208.538109
245.831845
238.380079
