0.23242
0.004794
0.003909
0.004359
0.004604
0.00366
0.004794
0.004191
0.003886
0.004285
0.004769
0.003824
0.00372
0.005035
0.004304
0.004418
0.004212
0.003564
0.003748
0.005405
0.003633
0.004816
0.003658
0.004272
0.004849
0.004282
0.004511
0.004925
0.004326
0.00481
0.004311
0.004279
0.004623
0.004819
0.003865
0.003747
0.004365
0.004482
0.004162
0.003916
0.004517
0.004452
0.004544
0.004726
0.00417
0.004605
0.004525
0.004402
0.003789
0.004839
0.004347
0.004374
0.003812
0.004246
0.004369
0.003549
0.003782
0.00529
0.004239
0.00464
0.004298
0.004449
0.00437
0.004428
0.004422
0.004481
0.00496
0.004638
0.004456
0.00504
0.00404
0.003914
0.00448
0.003855
0.004546
0.005047
0.004662
0.003978
0.004333
0.004352
0.004628
0.004828
0.003868
0.003766
0.00459
0.003829
0.004457
0.005533
0.004373
0.004662
0.003903
0.00535
0.004604
0.004477
0.003898
0.004644
0.00584
0.005037
0.004309
0.004971
0.004872
0.004612
0.004619
0.005023
0.004074
0.003886
0.003953
0.004345
0.004997
0.004329
0.003868
0.004487
0.004466
0.004324
0.004514
0.005637
0.00445
0.004715
0.003921
0.004953
0.00367
0.004286
0.003806
0.004364
0.004495
0.00456
0.004529
0.004903
0.003671
0.004398
0.003773
0.004328
0.003804
0.003868
0.003603
0.003807
0.004433
0.004865
0.004367
0.003742
0.00419
0.004405
0.004544
0.004458
0.004295
0.00508
0.004485
0.004284
0.004662
0.003778
0.004377
0.00508
0.004253
0.004409
0.005017
0.00468
0.004431
0.004413
0.004242
0.004254
0.003626
0.004536
0.004348
0.003692
0.003765
0.00422
0.004457
0.003863
0.005119
0.004403
0.003718
0.00382
0.004677
0.0048
0.004581
0.00435
0.004846
0.005159
0.004361
0.003932
0.003973
0.004372
0.003734
0.004918
0.005501
0.003808
0.005036
0.00436
0.003965
0.004487
0.004616
0.004898
0.004675
0.004712
0.004133
0.004579
0.0043
0.005314
0.004599
0.003867
0.003839
0.003769
0.004316
0.00441
0.004287
0.004333
0.004635
0.005086
0.004364
0.004615
0.004915
0.003797
0.004383
0.004297
0.004387
0.004442
0.004321
0.005128
0.003633
0.004343
0.004365
0.004322
0.003803
0.003834
0.005464
0.004235
0.004469
0.004376
0.004595
0.004288
0.004107
0.003878
0.004382
0.003699
0.004314
0.004941
0.004501
0.004299
0.004342
0.004321
0.004289
0.004352
0.00434
0.006005
0.004437
0.004665
0.004331
0.00372
0.005102
0.003825
0.004735
0.00376
0.004399
0.004596
0.003708
0.003872
0.004428
0.004894
0.003955
0.00433
0.003908
0.003954
0.004389
0.010707
0.0043
0.00378
0.003896
0.005019
0.003959
0.004292
0.003983
0.005164
0.004519
0.00394
0.003917
0.004542
0.004627
0.004565
0.005527
0.003876
0.003943
0.004647
0.004637
0.004681
0.004903
0.004564
0.004969
0.004163
0.004089
0.004542
0.004062
0.004086
0.004495
0.004505
0.004615
0.004637
0.004411
0.003935
0.004664
0.004387
