3.734942
4.095662
3.823455
4.244773
3.221944
4.399173
4.09542
2.539649
4.033194
3.567247
3.736347
2.867252
4.93184
3.265586
5.563915
5.140604
4.699321
4.523307
3.184906
3.841757
4.847894
3.447796
3.06629
4.016673
4.178287
4.041721
4.510387
2.917636
5.754056
4.93213
3.603957
4.982061
5.069791
3.77838
4.373394
2.566572
4.563806
3.545447
4.723932
5.192418
4.578215
5.189309
4.819795
3.852728
3.636972
4.353221
5.471568
2.620832
3.8497
3.674586
3.152895
4.272859
4.524747
4.391048
4.496083
3.830067
4.104869
3.818239
5.138667
7.395134
4.111275
4.559462
4.311451
4.175318
3.65591
5.169101
4.546529
3.95853
3.815037
5.335486
4.787031
3.846388
5.507406
3.287655
3.370851
4.78094
3.350292
4.103448
3.758357
5.214689
3.95093
4.083119
3.035927
4.807559
3.938288
4.633251
3.630721
3.353319
4.831209
3.316379
3.600953
4.355596
3.811714
4.259828
4.853977
4.265369
4.533495
3.60438
3.902185
5.176967
4.203909
4.535728
4.187709
3.509632
3.178415
3.883876
4.089663
3.880238
4.93167
3.545119
3.683731
4.141341
4.464862
3.652755
3.84087
2.403459
5.207834
4.12549
3.602011
5.813956
4.262198
4.364091
4.016475
2.830329
3.646918
3.830322
3.082665
3.704905
4.313981
4.431388
3.916627
3.610522
4.226104
4.105975
3.528002
4.269972
3.107346
3.861621
4.230865
3.152072
3.648253
4.311228
3.564226
4.902992
5.449958
4.119375
3.690097
3.860999
4.470704
4.863659
4.015115
3.410587
3.205431
4.993431
4.166775
3.233309
3.879477
4.63284
5.432167
4.86006
4.081566
3.16715
3.117004
4.746345
3.744293
5.043458
4.265105
5.304258
4.147815
3.40699
4.390503
3.123293
3.596069
2.705757
4.410677
3.312047
5.839561
4.056067
3.939671
3.090986
3.337691
4.462873
4.464216
3.091865
2.692906
2.671921
3.864646
3.559074
3.801744
4.278173
3.90744
3.477017
2.973544
4.181254
3.012853
5.350172
4.315896
3.855032
3.961313
4.194525
4.594886
3.158226
3.848832
3.103153
4.595094
3.509848
4.243787
4.487654
4.145145
4.792219
4.196429
5.018818
5.232239
5.466447
4.941212
5.080526
4.407531
3.745102
4.699678
2.816185
3.354837
4.656997
3.906579
3.970794
3.409636
4.680981
4.753549
4.918351
3.478578
4.404231
4.313856
2.776683
3.939847
4.185642
3.954734
3.207099
4.309476
3.796873
3.690027
4.643492
3.524694
3.627358
3.952676
4.176634
3.5297
2.98295
4.050525
3.801484
3.353449
3.700362
2.989502
3.152676
3.9293
4.552208
3.51503
4.039458
4.575331
3.466575
2.907393
3.216148
2.736805
3.759197
4.261886
3.678911
4.273003
3.664984
3.406478
4.173938
4.322166
3.167993
4.714969
4.980222
3.636918
3.203903
3.458729
4.389596
4.051016
3.024359
3.860954
3.606103
4.22482
3.702928
4.480736
3.174897
5.170503
3.342906
5.557929
5.786452
3.645835
2.667994
4.129135
3.693847
3.409162
3.571445
4.326879
4.417501
3.624039
4.107375
5.227876
3.802859
