0.016555
0.02629
0.015863
0.01066
0.0172
0.022838
0.017941
0.022193
0.011453
0.014447
0.01307
0.014062
0.019943
0.018157
0.021851
0.017529
0.01268
0.017032
0.015825
0.019714
0.01071
0.019007
0.010401
0.016455
0.014041
0.01778
0.010975
0.009912
0.011131
0.010817
0.010893
0.010337
0.010851
0.015682
0.012382
0.011797
0.017175
0.014565
0.010601
0.01302
0.01031
0.01903
0.010728
0.018683
0.020906
0.009366
0.016974
0.018567
0.023771
0.015574
0.016164
0.009784
0.010484
0.017473
0.016756
0.016853
0.016718
0.018092
0.015521
0.017871
0.010372
0.014346
0.010982
0.012062
0.018519
0.009773
0.017409
0.012486
0.009571
0.014759
0.014242
0.016478
0.012944
0.011604
0.0144
0.016864
0.013489
0.01473
0.009694
0.012421
0.013147
0.0158
0.016204
0.012331
0.016583
0.016622
0.014838
0.015945
0.018809
0.014215
0.016365
0.019947
0.019293
0.018649
0.012504
0.011445
0.010402
0.012546
0.023992
0.010023
0.012657
0.016256
0.01022
0.015274
0.01582
0.015571
0.01666
0.01751
0.010989
0.016448
0.019927
0.029059
0.025287
0.021053
0.011274
0.010847
0.010855
0.0099
0.018994
0.012782
0.0154
0.011996
0.010207
0.012012
0.016032
0.011513
0.017921
0.018448
0.01959
0.012516
0.015351
0.017098
0.011494
0.010253
0.010672
0.010969
0.017476
0.022577
0.012977
0.012624
0.017202
0.009965
0.011212
0.023993
0.016866
0.01045
0.02165
0.023275
0.011367
0.020597
0.015984
0.014977
0.012461
0.009936
0.020514
0.016443
0.013115
0.013035
0.021228
0.025609
0.016913
0.011355
0.018071
0.01151
0.01203
0.015777
0.01631
0.015633
0.019795
0.018823
0.018744
0.019357
0.009969
0.01698
0.019138
0.014253
0.009955
0.01132
0.012709
0.020071
0.024552
0.011278
0.012619
0.015446
0.020566
0.010935
0.013193
0.016445
0.010188
0.011517
0.016279
0.016836
0.017081
0.011252
0.020573
0.016497
0.010702
0.012761
0.018113
0.010416
0.011678
0.022045
0.009945
0.016974
0.018949
0.016786
0.012166
0.015121
0.018184
0.018385
0.016466
0.017377
0.009619
0.018887
0.013042
0.011346
0.020908
0.010682
0.012384
0.018963
0.012606
0.021286
0.010089
0.016461
0.010697
0.018875
0.016834
0.019444
0.010265
0.01095
0.017286
0.01054
0.016558
0.013837
0.01288
0.020444
0.013829
0.016979
0.011152
0.015727
0.01573
0.009585
0.016441
0.014534
0.011475
0.015743
0.01279
0.013044
0.014649
0.017197
0.017716
0.016712
0.011585
0.021763
0.017242
0.015165
0.009719
0.016226
0.011189
0.018591
0.019555
0.018029
0.012515
0.012857
0.01507
0.011878
0.019709
0.013398
0.013992
0.010094
0.0129
0.020267
0.021747
0.019221
0.010278
0.017502
0.010454
0.022083
0.017753
0.017733
0.010264
0.029846
0.016469
0.015482
0.012546
0.016856
0.018655
0.025511
0.010278
0.011615
0.017348
0.013374
0.017091
0.015622
0.013477
0.017667
0.01206
0.018363
0.011689
0.020012
