8.160205699312478e-17
7.579326800995472e-17
8.920106979207738e-17
7.148148711169575e-17
8.412929881523293e-17
1.0556996482600714e-16
7.840719294937041e-17
8.56466522594461e-17
9.268421172723474e-17
7.049384787687324e-17
9.270168567419451e-17
7.134760189234222e-17
7.721331009394104e-17
1.1302318839564738e-16
9.990962302141332e-17
1.0814314336002637e-16
1.2871177196848554e-16
9.979719597004907e-17
1.0770630964617295e-16
5.74462274101265e-17
1.0772399960349445e-16
1.0451708942760263e-16
8.990204414249803e-17
7.173596767734692e-17
