6.661338147750939e-16
7.441963711940502e-16
6.661338147750939e-16
3.885780586188048e-16
3.331888801319516e-16
5.551115123125783e-16
3.5388358909926865e-16
3.3306690738754696e-16
3.885780586188048e-16
2.7755575615628914e-16
7.771561172376096e-16
4.440892098500626e-16
5.342948306008566e-16
4.440892098500626e-16
5.551115123125783e-16
6.661338147750939e-16
4.996003610813204e-16
3.2439329000766293e-16
6.661338147750939e-16
1.682681771697503e-16
4.996003610813204e-16
4.163336342344337e-16
3.4954678040932663e-16
2.286040280685686e-16
