2.3991004755978686e-14
1.8417764126418996e-14
2.007024070321741e-14
1.5225556754791196e-14
1.060029165071935e-14
1.33018155680769e-14
7.52709052313956e-15
6.423498919458457e-15
9.175736960996239e-15
7.61333557070231e-15
1.0011782052813008e-14
5.993198558956747e-15
6.485918047891047e-15
5.425113042991075e-15
6.893763988477519e-15
3.893153160960949e-15
7.336571002203676e-15
7.48478969775368e-15
5.169902863016301e-15
1.034032093382277e-15
4.2012359845362834e-15
1.8813076096968473e-15
1.3485306621374704e-15
2.79770273941653e-15
