4.6719713449158221e-16
9.8128370981193592e-16
2.4065367390934916e-15
3.8575150486798039e-15
5.3436663295582625e-15
3.130756748155051e-15
5.0010117742655855e-15
7.0002942134013024e-15
2.2779287995011659e-15
8.2015379763067898e-15
4.3768069937084422e-15
9.3589343942788131e-15
1.3768794595867014e-14
5.4181199991429655e-15
5.8553353233902026e-15
8.0474391819670403e-15
2.2156540573497008e-14
5.5815493680950834e-15
2.0276852985119955e-14
7.9205933572205667e-15
1.2900580398398452e-14
1.1893148605660227e-14
1.0374334471270355e-14
1.3885379696299084e-14
1.2157268511330384e-14
9.0381622183005267e-15
4.8291622270759318e-15
1.1313889202808053e-14
9.8993831916086781e-15
