0.11673845116999999
0.11978139937999996
0.12016865721000004
0.12619252745000004
0.13007692049999997
0.14242965580999997
0.15579517650000002
0.16075968927999995
0.15851769503000002
0.15442172667999995
0.16255927544999998
0.15484371277999992
0.18168924921000001
0.18392524641999997
0.16435960765000002
0.17896085788999996
0.17444148689000002
0.19230214288000003
0.21289440709000002
0.22764731478999992
0.23094179996000005
0.22047202853999998
0.26996840902000008
0.25695919243999987
0.28334682853000009
0.30209124549999999
0.29124807940999992
0.29045506928999992
0.32680289423000003
