3.6082248300317588e-15
2.0432440461792822e-14
5.7750679238743885e-14
1.0169642905566434e-13
3.9815373220619676e-13
6.8944849829222221e-14
6.7549683856145679e-14
1.0225370897232189e-13
2.3092638912203256e-14
1.2788381464901022e-13
5.1243731480354882e-14
3.2929214910382143e-13
1.9518089401648897e-13
8.1296080978177088e-14
1.3505863094565029e-13
2.1940782524154656e-13
5.9308113975475862e-13
1.1032667834864895e-13
4.2482684037281615e-13
3.0814933937861611e-13
2.7322588636025102e-13
3.1441516057384433e-13
1.1650402864660236e-13
2.5413005033669833e-13
4.3315351305750482e-13
1.0352222551412993e-13
8.3646752877058262e-14
2.8710367416806548e-13
2.4523438835188927e-13
