1.0652094666408073e-13
2.0999471389975428e-13
4.9093349477507227e-13
9.1808858158579329e-13
1.0046092699569533e-12
5.6353621466790919e-13
8.5017200162514954e-13
7.9803354032774843e-13
2.9613074393515158e-13
1.1810214685881777e-12
6.6527466304368316e-13
1.0856363897363423e-12
1.5971801731205737e-12
4.8763079992286689e-13
5.8553353233902028e-13
9.0131318838030853e-13
1.7725232458797605e-12
6.0280733175426898e-13
1.5815945328393564e-12
7.1285340214985098e-13
9.2884178868468857e-13
1.0228107800867795e-12
5.6021406144859913e-13
1.2496841726669177e-12
1.2157268511330384e-12
6.6882400415423893e-13
4.732578982534413e-13
8.8248335781902814e-13
8.3154818809512898e-13
