7.909002595925972e-17
1.0829823658795006e-16
1.1627214072110374e-16
1.2206381267258204e-16
1.2576965842487123e-16
9.639007532087665e-17
1.2093166161134345e-16
1.2128979583531705e-16
1.1386397633706815e-16
1.1666596695816048e-16
1.1294841048349406e-16
1.1834354409050544e-16
1.0161817372507935e-16
1.0940322430275868e-16
1.284042805286243e-16
1.2231789775177538e-16
1.4208091886518852e-16
1.373679349899068e-16
1.5855491989109581e-16
1.1613169013596288e-16
1.2644782901049238e-16
1.2099236806207798e-16
1.218093477956137e-16
1.2514437644823032e-16
1.341882231485584e-16
1.4265137692246045e-16
1.0372732029531333e-16
1.8621855418363522e-16
1.319948564425066e-16
