0.011077103670000001
0.00380690794
0.0034757692699999994
0.003909841559999999
0.005029300550000001
0.004577611730000003
0.004912301059999998
0.004928463279999998
0.004911818839999999
0.005595912529999999
0.005605092519999997
0.005971620760000003
0.005912979129999998
0.00607375166
0.005880854340000003
0.0066863149700000036
0.006829257000000001
0.0072260845399999985
0.007533617260000003
0.00789192361
0.008077912499999998
0.008935735719999999
0.008686568539999997
0.009717983849999999
0.009553254190000004
0.010283363979999998
0.010457127319999997
0.010985046089999999
0.011128603050000001
