3.3306690738754696e-16
5.494736610156536e-16
6.800116025829084e-16
6.800116025829084e-16
6.661338147750939e-16
6.661338147750939e-16
1.1136924715771102e-15
5.551115123125783e-16
8.881784197001252e-16
6.661338147750939e-16
5.967448757360216e-16
7.216449660063518e-16
7.494005416219807e-16
4.85722573273506e-16
1.3322676295501878e-15
4.996003610813204e-16
5.551115123125783e-16
8.881784197001252e-16
8.881784197001252e-16
1.1102230246251565e-15
1.1102230246251565e-15
1.1102230246251565e-15
6.661338147750939e-16
6.106226635438361e-16
1.0443035325380379e-15
8.187894806610529e-16
4.440892098500626e-16
1.9984014443252818e-15
8.118505867571457e-16
