1.8032525918711215e-14
2.3175822629821312e-14
2.3719516707105164e-14
3.002769791745518e-14
2.4902392368124502e-14
1.812133416032481e-14
2.104210912037376e-14
1.431219590856741e-14
1.525777282916713e-14
1.703323117589143e-14
1.7168158393491097e-14
1.4911286555403685e-14
1.2194180847009523e-14
1.0065096635853798e-14
1.2840428052862428e-14
1.4188876139205943e-14
1.2218959022406214e-14
1.5659944588849376e-14
1.2684393591287666e-14
1.091637887278051e-14
1.0115826320839391e-14
1.1131297861711174e-14
6.821323476554367e-15
1.2013860139030111e-14
1.3687198761152957e-14
1.0841504646106993e-14
1.0995095951303214e-14
1.5269921443058088e-14
1.1087567941170555e-14
