0.002325943327759197
0.002718885317725752
0.003415792464882945
0.003937490672240804
0.004501502260869564
0.004581810424749164
0.005288711073578594
0.005457270367892977
0.005976868264214051
0.006387327076923078
0.006767274698996657
0.007382960866220741
0.007751629688963203
0.009092281806020062
0.009843417230769234
0.01038414429431437
0.011025419408026755
0.011842808882943147
0.01205576650836121
0.013601947431438123
0.013524200130434783
0.014248281394648834
0.015033100377926425
0.016124039454849484
0.016767625080267565
0.016834612183946506
0.018114894678929776
0.018942349963210713
0.018896028525083604
