1.0013759799549606e-13
1.951795825695616e-13
3.1617940488873994e-13
4.0337989263581385e-13
5.883497557681796e-13
6.327540620790264e-13
7.889348945003423e-13
9.34649282999847e-13
1.1219089930053069e-12
1.2825412906691222e-12
1.4027826702085974e-12
1.6927308800129685e-12
1.7058132973890028e-12
2.0370104283617624e-12
2.207533099308997e-12
2.393120096753974e-12
2.69316745165305e-12
2.8449101283829045e-12
2.722291480025292e-12
3.3489161581889076e-12
3.4483431857783226e-12
3.665701410265789e-12
3.87499511405916e-12
4.188284200476003e-12
4.4977558317430665e-12
4.4817433448108724e-12
5.0770556281217385e-12
5.331123539683261e-12
5.592399297412451e-12
