8.861734335884608e-17
1.52009020692805e-16
2.189608067096537e-16
2.508581421864514e-16
3.3619986043895977e-16
3.72208271811192e-16
4.1090359088559495e-16
5.019598727174258e-16
5.603941024002531e-16
6.330411108929527e-16
6.883133808678103e-16
7.503239716369541e-16
7.832016976074393e-16
8.98945467061678e-16
9.353953810631343e-16
1.0693119288444924e-15
1.121218755892194e-15
1.1853792201595435e-15
1.1815501215387553e-15
1.2743212169668597e-15
1.4029060967365022e-15
1.5197767040902941e-15
1.5255886275823465e-15
1.5792926849457027e-15
1.634358950488033e-15
1.7411590306180546e-15
1.8570064477402117e-15
1.8918110502779493e-15
2.026231629497265e-15
