6.49863236750831e-16
1.053282986771235e-15
1.942890293094024e-15
1.981268118155454e-15
2.220446049250313e-15
2.7755575615628914e-15
3.552713678800501e-15
4.440892098500626e-15
5.329070518200751e-15
6.661338147750939e-15
7.993605777301127e-15
6.217248937900877e-15
7.549516567451064e-15
1.1546319456101628e-14
7.105427357601002e-15
7.105427357601002e-15
1.0658141036401503e-14
1.0658141036401503e-14
1.021405182655144e-14
1.4210854715202004e-14
1.2490009027033011e-14
1.687538997430238e-14
2.4868995751603507e-14
2.3092638912203256e-14
1.504352198367087e-14
2.1316282072803006e-14
2.7533531010703882e-14
2.4868995751603507e-14
1.926583892419842e-14
