===== RESULTS FOR dim=4, deg=2, nonzero=3, Bertini v1.6 =====

===== TEST 1 =====
0                                                



===== TEST 2 =====
1                                                

2.955094957304538e-01 -5.551115123125783e-17
-6.114289545587908e-01 -5.551115123125783e-17
-1.982472554748716e-01 -1.665334536937735e-16
1.057700731531011e-01 -2.775557561562891e-17



===== TEST 3 =====
1                                                

2.581765604159226e-01 4.163336342344337e-17
1.952221082226778e-01 6.938893903907228e-18
-1.147871455919371e-01 -1.040834085586084e-17
2.214753649723472e-01 2.081668171172169e-17



===== TEST 4 =====
2                                                

7.570441708971470e-02 3.469446951953614e-18
-7.499282738189496e-02 -6.938893903907228e-18
-6.203624397686175e-01 -5.551115123125783e-17
-6.417791631218415e-01 -2.775557561562891e-17

8.862159057850155e-03 1.864827736675068e-17
-1.243186809515863e-01 6.938893903907228e-18
-5.105080141311062e-01 2.775557561562891e-17
-3.390071014157993e-01 -2.775557561562891e-17



===== TEST 5 =====
1                                                

-5.001738362980102e-01 8.326672684688674e-17
-6.848316506017771e-01 0.000000000000000e+00
-8.188764736610811e-01 0.000000000000000e+00
3.408023650803610e-01 -1.110223024625157e-16



===== TEST 6 =====
3                                                

-1.174012918315394e-01 -2.081668171172169e-17
1.045521649597017e-01 -1.734723475976807e-18
8.555821992273517e-02 -1.214306433183765e-17
-3.852919203958270e-01 6.245004513516506e-17

-8.380620646208542e-04 5.719166459861036e-18
7.095845492223275e-02 -6.938893903907228e-18
2.343141098778710e-01 0.000000000000000e+00
-8.363041820166900e-01 2.775557561562891e-17

-6.749729368557298e-01 -5.551115123125783e-17
-3.857257367655335e-01 -5.551115123125783e-17
-9.636676422191941e-02 -6.938893903907228e-18
4.799634977366480e-01 8.326672684688674e-17



===== TEST 7 =====
0                                                



===== TEST 8 =====
0                                                



===== TEST 9 =====
0                                                



===== TEST 10 =====
1                                                

-1.010214931646687e-01 5.551115123125783e-17
-2.723701594928792e-01 1.110223024625157e-16
1.394144346685637e-01 -2.081668171172169e-17
4.206219078538193e-01 -8.326672684688674e-17



===== TEST 11 =====
0                                                



===== TEST 12 =====
2                                                

-5.056663355114588e-02 -6.938893903907228e-18
-7.865092284601487e-01 0.000000000000000e+00
-3.994645993481785e-02 -1.387778780781446e-17
2.225607862229188e-02 -3.469446951953614e-17

2.184146655105495e-01 2.775557561562891e-17
8.111881369699164e-01 -4.718447854656915e-16
2.685469842371907e-02 -1.908195823574488e-17
-3.607744065839663e-01 -1.249000902703301e-16



===== TEST 13 =====
2                                                

-1.229415607252271e-01 -5.551115123125783e-17
-4.690282643464198e-01 -1.110223024625157e-16
-1.553323408873930e-02 -3.989863994746656e-17
-1.004391307734569e-01 1.526556658859590e-16

-1.229415607252270e-01 -1.040834085586084e-17
4.690282643464198e-01 4.163336342344337e-17
-1.553323408873931e-02 -1.301042606982605e-18
-1.004391307734569e-01 2.602085213965211e-17



===== TEST 14 =====
0                                                



===== TEST 15 =====
2                                                

1.663414842528931e-02 -1.014813233446432e-16
6.709042987325227e-01 -1.110223024625157e-16
2.922814467992703e-01 -1.387778780781446e-17
-6.533891855995760e-01 1.110223024625157e-16

-3.625804288726628e-01 -2.081668171172169e-17
-3.823058018614039e-01 -6.938893903907228e-18
2.674805424070404e-01 2.428612866367530e-17
6.342780676602402e-01 1.387778780781446e-17



===== TEST 16 =====
0                                                



===== TEST 17 =====
0                                                



===== TEST 18 =====
1                                                

5.103363851876822e-02 -6.938893903907228e-18
3.366905043191478e-01 -5.828670879282072e-16
5.443570675829022e-02 -2.220446049250313e-16
2.182386419434125e-01 -1.387778780781446e-17



===== TEST 19 =====
3                                                

6.420048268679663e-01 -4.163336342344337e-17
-8.101586828480791e-01 -8.326672684688674e-17
1.340353313358156e-01 -4.510281037539698e-17
3.496381298422810e-01 1.387778780781446e-17

-1.705972572735771e-02 -1.734723475976807e-18
3.426153797781572e-02 6.938893903907228e-18
1.243543939359770e-01 2.775557561562891e-17
1.127612162637855e-01 3.469446951953614e-17

-3.843754448275417e-01 5.551115123125783e-17
1.103553297552099e-01 0.000000000000000e+00
9.252092008173158e-01 -5.551115123125783e-17
4.819101747617458e-02 0.000000000000000e+00



===== TEST 20 =====
2                                                

3.785747435942292e-02 -8.673617379884035e-19
8.144385877242899e-02 0.000000000000000e+00
7.000617418759195e-01 8.326672684688674e-17
2.064488211567452e-02 -2.168404344971009e-18

-6.198551929690698e-01 5.551115123125783e-17
2.190253837424597e-01 -1.804112415015879e-16
-6.675133134471950e-01 -5.551115123125783e-17
-2.147161857404777e-01 1.387778780781446e-16



===== TEST 21 =====
0                                                



===== TEST 22 =====
0                                                



===== TEST 23 =====
0                                                



===== TEST 24 =====
1                                                

-4.277543801770081e-01 5.551115123125783e-17
-2.530371839652299e-01 5.551115123125783e-17
-6.838232889924440e-01 1.110223024625157e-16
6.953663515302886e-01 5.551115123125783e-17



===== TEST 25 =====
1                                                

1.208436169815980e-03 -7.589415207398531e-19
-1.765671897319895e-01 -1.387778780781446e-17
2.213758508810018e-01 -4.163336342344337e-17
4.027355636858169e-02 0.000000000000000e+00



===== TEST 26 =====
0                                                



===== TEST 27 =====
2                                                

5.096858872215355e-01 0.000000000000000e+00
9.619683171109963e-02 -1.387778780781446e-17
-1.632905602669191e-01 0.000000000000000e+00
-3.590956234362176e-01 0.000000000000000e+00

-4.975248296605190e-01 -1.110223024625157e-16
1.050871775554997e-01 2.775557561562891e-17
1.615916290829179e-01 4.857225732735060e-17
1.958033364884348e-01 0.000000000000000e+00



===== TEST 28 =====
0                                                



===== TEST 29 =====
1                                                

4.779592908861841e-02 -2.775557561562891e-17
-6.230626698579966e-02 1.387778780781446e-17
8.240813822227293e-01 5.551115123125783e-17
-5.620412891759004e-02 1.734723475976807e-17



===== TEST 30 =====
1                                                

-5.971134751168131e-02 1.405126015541214e-16
2.293315971260360e-01 0.000000000000000e+00
5.922465951362891e-01 -3.885780586188048e-16
-1.280373215532212e-01 -8.326672684688674e-17



===== TEST 31 =====
0                                                



===== TEST 32 =====
1                                                

9.506701273466307e-01 5.551115123125783e-17
7.973312927970506e-01 1.387778780781446e-17
3.198314133041105e-01 6.938893903907228e-18
-1.189059833486215e-01 0.000000000000000e+00



===== TEST 33 =====
0                                                



===== TEST 34 =====
0                                                



===== TEST 35 =====
1                                                

1.450028348768752e-02 2.515349040166370e-17
-4.493202238227514e-01 -5.551115123125783e-16
1.347939405049186e-01 4.857225732735060e-17
8.599991271737045e-02 -4.510281037539698e-17



===== TEST 36 =====
1                                                

1.548302824857168e-02 1.734723475976807e-18
-1.247444484550414e-01 -6.938893903907228e-18
1.084418924349564e-01 -2.775557561562891e-17
-9.259968446460991e-02 0.000000000000000e+00



===== TEST 37 =====
0                                                



===== TEST 38 =====
0                                                



===== TEST 39 =====
2                                                

8.817802865930703e-02 -6.938893903907228e-18
-3.176866366613384e-01 -2.775557561562891e-17
4.093491059188382e-01 2.775557561562891e-17
1.910242743358729e-01 1.387778780781446e-17

5.044599582840729e-02 1.040834085586084e-17
2.361720723227343e-01 -6.938893903907228e-17
2.932945861112518e-01 2.775557561562891e-17
1.525486558238394e-01 1.387778780781446e-17



===== TEST 40 =====
0                                                



===== TEST 41 =====
1                                                

9.090535710436077e-01 1.984523656517467e-15
2.097719717544417e-01 -2.081668171172169e-16
-1.869972952690136e-01 1.179611963664229e-16
1.475500256264205e-01 -1.266348137463069e-16



===== TEST 42 =====
1                                                

3.445391021121661e-02 2.081668171172169e-17
-1.044923225187224e-02 -4.336808689942018e-18
7.240780217386147e-02 4.857225732735060e-17
1.799649187343470e-02 2.255140518769849e-17



===== TEST 43 =====
1                                                

-6.091619977808199e-02 -2.428612866367530e-17
6.092340808824209e-02 2.428612866367530e-17
-3.162207705486593e-02 -2.428612866367530e-17
-1.748144552948913e-01 0.000000000000000e+00



===== TEST 44 =====
1                                                

2.412118036702253e-01 -9.714451465470120e-17
-1.438000633724837e-01 -2.012279232133096e-16
-1.000882750393139e-01 -6.245004513516506e-17
5.019856694488307e-01 -2.775557561562891e-17



===== TEST 45 =====
1                                                

-2.792800363882780e-01 5.551115123125783e-17
4.823530927523622e-01 -8.326672684688674e-17
-2.252231374565986e-01 2.775557561562891e-17
-2.522953003370346e-01 4.163336342344337e-17



===== TEST 46 =====
1                                                

-4.079020415853023e-01 4.163336342344337e-16
-6.432435516243461e-01 1.387778780781446e-16
-2.241481546702720e-01 1.387778780781446e-17
-5.639101600381077e-01 9.992007221626409e-16



===== TEST 47 =====
1                                                

-6.073126813993752e-02 3.469446951953614e-18
-9.456267003725646e-01 -2.220446049250313e-16
5.834513449765752e-03 -4.336808689942018e-19
-2.458729834269342e-01 -4.163336342344337e-17



===== TEST 48 =====
0                                                



===== TEST 49 =====
0                                                



===== TEST 50 =====
0                                                



===== TEST 51 =====
0                                                



===== TEST 52 =====
1                                                

-2.067748826100655e-01 4.163336342344337e-17
1.427952453624939e-01 1.332267629550188e-15
-2.344559740489463e-01 2.498001805406602e-16
-2.763090274328270e-01 -2.775557561562891e-16



===== TEST 53 =====
2                                                

-1.404598083091013e-02 -1.214306433183765e-17
1.170533642474893e-01 4.232725281383409e-16
-2.298805851876411e-01 4.163336342344337e-17
-1.066916108723467e-02 0.000000000000000e+00

-1.309523212149124e-02 8.673617379884035e-19
9.449782318556219e-02 -2.081668171172169e-17
2.338828687144367e-01 1.387778780781446e-17
-6.706973205390050e-03 4.336808689942018e-19



===== TEST 54 =====
1                                                

-2.809484928645867e-01 2.775557561562891e-17
-2.127657954635112e-01 0.000000000000000e+00
2.684674732611994e-02 -5.204170427930421e-18
-4.825145613170336e-01 5.551115123125783e-17



===== TEST 55 =====
0                                                



===== TEST 56 =====
0                                                



===== TEST 57 =====
0                                                



===== TEST 58 =====
1                                                

1.761763651611697e-01 2.775557561562891e-17
-6.317706007913976e-01 0.000000000000000e+00
1.234329996209153e-01 -1.387778780781446e-17
-5.979346611094443e-01 -2.775557561562891e-17



===== TEST 59 =====
0                                                



===== TEST 60 =====
0                                                



===== TEST 61 =====
1                                                

-9.269550360890808e-02 -6.938893903907228e-18
-8.851590233049490e-01 -1.110223024625157e-16
1.143735978531805e-01 -2.081668171172169e-17
-5.469967158129261e-01 1.387778780781446e-16



===== TEST 62 =====
0                                                



===== TEST 63 =====
1                                                

2.048607052718439e-01 -4.163336342344337e-17
3.837071739239150e-01 2.775557561562891e-17
5.262384868181131e-01 -8.326672684688674e-17
-6.976769863525241e-01 -1.665334536937735e-16



===== TEST 64 =====
3                                                

8.478965171237725e-02 1.040834085586084e-17
6.574131569522494e-02 3.122502256758253e-17
2.111321142370788e-01 2.775557561562891e-17
-9.594097499393917e-02 2.428612866367530e-17

-4.753020609997371e-01 5.551115123125783e-17
-1.610135439159480e-01 -5.551115123125783e-17
-8.398996724269522e-01 0.000000000000000e+00
-1.290637532014078e-01 -6.938893903907228e-18

-5.359140604869516e-01 0.000000000000000e+00
-8.777741621450352e-03 1.691355389077387e-17
-9.372734295252549e-01 8.326672684688674e-17
-9.377329049975046e-02 0.000000000000000e+00



===== TEST 65 =====
0                                                



===== TEST 66 =====
4                                                

2.716060132948005e-01 6.938893903907228e-18
4.221144586094615e-01 -2.775557561562891e-17
6.745376049343757e-02 3.295974604355933e-17
2.402175754837054e-03 2.873135757086587e-18

3.787785780317156e-01 -2.775557561562891e-17
-5.962716488022025e-02 0.000000000000000e+00
-2.282949652335296e-01 6.938893903907228e-18
-5.028823353401591e-01 5.551115123125783e-17

2.220932101964462e-01 1.387778780781446e-17
6.297014408209534e-02 2.081668171172169e-17
-1.263420973102446e-01 0.000000000000000e+00
3.241433411340342e-01 2.775557561562891e-17

-2.743672317336791e-01 8.326672684688674e-17
5.283435366737458e-01 -1.332267629550188e-15
1.313164217564854e-02 2.025289658202922e-15
9.155058398079867e-02 -7.632783294297951e-17



===== TEST 67 =====
1                                                

-1.065993981658727e-01 1.040834085586084e-17
-4.960460045288381e-02 -1.734723475976807e-18
6.555537297596542e-01 5.551115123125783e-17
-6.981244453536138e-01 -1.110223024625157e-16



===== TEST 68 =====
1                                                

8.812144761109335e-01 2.775557561562891e-17
8.290034233705595e-01 -5.551115123125783e-17
-5.427108152098550e-01 8.326672684688674e-17
4.091367251320661e-01 -1.387778780781446e-17



===== TEST 69 =====
0                                                



===== TEST 70 =====
2                                                

2.717670087373421e-01 -2.775557561562891e-17
-9.884674361070815e-01 5.551115123125783e-17
-4.323706646529704e-01 -4.163336342344337e-17
5.211647318855593e-02 1.734723475976807e-18

-1.492571354102465e-01 2.168404344971009e-18
1.199945467524449e-01 -8.673617379884035e-19
6.961280530373479e-01 -1.214306433183765e-17
-1.107463041598306e-01 1.734723475976807e-18



===== TEST 71 =====
2                                                

-5.604108336603550e-01 -7.494005416219807e-16
-2.784563904585561e-02 -5.204170427930421e-18
6.046994221279133e-02 -9.714451465470120e-16
5.472200436603430e-02 -1.977584762613560e-16

1.940602161480688e-01 4.163336342344337e-17
-2.198257872059756e-02 5.204170427930421e-18
-3.164650312578572e-01 -2.775557561562891e-17
6.488860410301089e-02 6.938893903907228e-18



===== TEST 72 =====
1                                                

-1.289075556038514e-01 1.387778780781446e-17
3.249451020785570e-02 -8.673617379884035e-18
2.941770220571355e-01 0.000000000000000e+00
5.178463595501327e-01 -1.942890293094024e-16



===== TEST 73 =====
0                                                



===== TEST 74 =====
1                                                

8.428436966354411e-03 4.336808689942018e-19
9.811004079583205e-02 6.938893903907228e-18
2.065950767791890e-01 0.000000000000000e+00
-9.369514731817093e-02 0.000000000000000e+00



===== TEST 75 =====
2                                                

-7.526880818425833e-03 1.301042606982605e-18
2.958670371060218e-01 5.551115123125783e-17
-1.201976302294615e-01 -6.938893903907228e-18
8.871178017747094e-02 2.775557561562891e-17

-1.618921649375658e-02 -5.204170427930421e-18
5.213302160516881e-03 -5.421010862427522e-17
-1.226177699632746e-01 0.000000000000000e+00
-1.205587008659826e-01 -4.163336342344337e-17



===== TEST 76 =====
1                                                

-2.858136672509637e-01 8.326672684688674e-17
4.315407033365140e-02 -6.938893903907228e-18
-7.562943959159769e-01 2.775557561562891e-16
-1.862378367342550e-01 -2.775557561562891e-17



===== TEST 77 =====
0                                                



===== TEST 78 =====
2                                                

-1.628906974419680e-01 -4.857225732735060e-17
1.397380518318792e-01 -1.214306433183765e-17
3.764350669498313e-01 -2.428612866367530e-17
-9.174210250526087e-02 -4.336808689942018e-18

-7.478517452704568e-01 -2.775557561562891e-16
-6.983975311586872e-03 -1.344410693882025e-17
7.946581906904465e-02 -6.938893903907228e-18
-4.309371236074344e-02 0.000000000000000e+00



===== TEST 79 =====
2                                                

-2.352050769065657e-02 -2.775557561562891e-17
1.256984932649802e-02 -2.125036258071589e-17
1.897489152218665e-01 -2.081668171172169e-17
2.462558968882624e-01 -6.938893903907228e-17

-2.726451935210342e-02 -2.775557561562891e-17
1.405956611029026e-02 -1.127570259384925e-17
-9.059425467649038e-02 5.204170427930421e-17
-7.485665630563558e-01 1.110223024625157e-16



===== TEST 80 =====
4                                                

2.538613044313122e-01 -4.232725281383409e-16
6.136678903755600e-01 -1.689620665601410e-15
-1.134575246942230e-01 -1.036497276896142e-16
-1.396394370080874e-01 -3.400058012914542e-16

1.968731185807948e-01 3.773023560249555e-16
3.768109639909152e-01 1.493596912816031e-15
-1.260696383566717e-01 9.367506770274758e-17
-1.819038168361505e-01 3.044439700339296e-16

2.934740141805441e-01 -2.775557561562891e-17
-9.417631639175974e-01 0.000000000000000e+00
-9.085576340853761e-02 1.734723475976807e-18
1.208286316443805e-01 0.000000000000000e+00

-4.304447962773797e-02 3.035766082959412e-17
-3.189123993312079e-01 1.283695372222837e-16
-1.172378734743411e-01 8.673617379884035e-18
2.706211281358754e-01 1.040834085586084e-17



===== TEST 81 =====
1                                                

1.732841755094701e-01 1.387778780781446e-17
9.849163609198873e-01 -5.551115123125783e-17
6.789124365903307e-01 0.000000000000000e+00
7.861252459796250e-02 0.000000000000000e+00



===== TEST 82 =====
0                                                



===== TEST 83 =====
3                                                

7.559210669243767e-02 -6.938893903907228e-18
-3.116684653615929e-01 6.938893903907228e-18
1.594337996595971e-01 -6.938893903907228e-18
-1.025136442279325e-02 4.336808689942018e-19

1.001308975794879e-01 -3.469446951953614e-18
-2.914659074245794e-01 -3.469446951953614e-17
-1.516544391865958e-01 -1.734723475976807e-17
-1.132279966235789e-02 8.673617379884035e-19

-1.404696639037405e-01 0.000000000000000e+00
-9.157417932053870e-01 1.665334536937735e-16
-4.503286691094985e-01 5.551115123125783e-17
2.323551986194075e-02 -3.469446951953614e-18



===== TEST 84 =====
2                                                

-4.230909682468249e-02 6.938893903907228e-18
-5.364123589249966e-01 2.775557561562891e-16
-2.428058765587808e-01 2.220446049250313e-16
-2.045007871108144e-01 4.163336342344337e-17

-3.692932287004336e-02 1.734723475976807e-18
-2.196236737347862e-01 -9.714451465470120e-17
-4.455299886209381e-03 -9.551821139597294e-17
-1.577871866916559e-01 -1.387778780781446e-17



===== TEST 85 =====
1                                                

-1.766569123519645e-01 -1.526556658859590e-15
4.021474993004541e-02 -4.163336342344337e-17
-1.038244455277454e-01 -1.457167719820518e-16
-8.727024188738990e-01 -1.387778780781446e-15



===== TEST 86 =====
4                                                

2.179992157329917e-02 -9.844555726168380e-17
-4.179797474226496e-02 -9.540979117872439e-18
-3.395573625405883e-01 -1.804112415015879e-16
2.705683859766170e-01 3.122502256758253e-16

-3.374748041418171e-02 1.335737076502141e-16
-4.960061220019213e-02 6.938893903907228e-18
-4.325784976183799e-01 2.081668171172169e-16
4.259203184929359e-01 -3.885780586188048e-16

4.137497959378321e-01 -5.551115123125783e-17
-1.231977237972432e-02 -5.204170427930421e-18
-6.808549887827352e-01 0.000000000000000e+00
-7.749737274380730e-01 1.665334536937735e-16

-2.181445066579567e-01 6.938893903907228e-18
-8.281998988147118e-02 3.469446951953614e-18
6.705588013348897e-01 0.000000000000000e+00
-7.587846938794174e-01 1.110223024625157e-16



===== TEST 87 =====
2                                                

-8.975488270529641e-02 1.734723475976807e-17
-1.901249414356990e-02 1.734723475976807e-18
-2.336918628122483e-02 -1.734723475976807e-17
-6.421043869281801e-01 -2.775557561562891e-17

-7.387537820269054e-02 1.734723475976807e-18
-2.938762526563414e-01 0.000000000000000e+00
-4.159245596702199e-02 -4.336808689942018e-18
6.018057214765004e-01 1.387778780781446e-17



===== TEST 88 =====
1                                                

5.852522276220941e-01 2.775557561562891e-17
7.858459837933464e-02 0.000000000000000e+00
8.875726537816990e-02 -3.469446951953614e-18
-2.137993619298575e-01 -1.387778780781446e-17



===== TEST 89 =====
1                                                

7.721289590006308e-02 1.073360150760649e-17
9.285360676136900e-02 -4.553649124439119e-18
-8.485539615673554e-02 -2.927345865710862e-18
1.202256087048608e-01 -9.540979117872439e-18



===== TEST 90 =====
0                                                



===== TEST 91 =====
1                                                

-5.964378023052858e-02 -2.463307335887066e-16
-9.021068335311375e-02 -2.081668171172169e-16
1.318132785473949e-01 -6.938893903907228e-17
-9.836625166210728e-01 1.221245327087672e-15



===== TEST 92 =====
3                                                

7.410685025637871e-01 3.885780586188048e-16
-6.711937652974418e-01 -3.330669073875470e-16
-1.625591533270142e-01 6.938893903907228e-17
1.052272969370811e-01 3.469446951953614e-17

1.613638597214355e-01 1.387778780781446e-17
-2.502852958231415e-01 8.326672684688674e-17
3.431206016118351e-01 0.000000000000000e+00
6.636369338541272e-02 0.000000000000000e+00

4.493029795877950e-01 -1.110223024625157e-16
-4.649939919991404e-01 6.938893903907228e-17
-2.059379169080685e-01 -2.428612866367530e-17
8.537611216222438e-02 -1.214306433183765e-17



===== TEST 93 =====
0                                                



===== TEST 94 =====
1                                                

-5.078582826630360e-01 2.775557561562891e-17
-2.127271360604189e-01 2.775557561562891e-17
8.362779107688090e-02 -2.775557561562891e-17
-1.364241683007136e-01 2.289834988289385e-16



===== TEST 95 =====
2                                                

4.777792250635231e-01 -2.498001805406602e-16
2.989186242467292e-01 1.387778780781446e-16
-2.504639229201747e-02 -5.204170427930421e-18
1.545406597351771e-01 1.110223024625157e-16

-5.477124571019880e-01 -7.216449660063518e-16
-3.245656174313981e-01 -3.608224830031759e-16
-1.929752982298273e-02 -8.673617379884035e-18
-1.429566871633358e-01 2.636779683484747e-16



===== TEST 96 =====
1                                                

-1.430500660569608e-03 2.032879073410321e-19
1.073773425304839e-02 -1.734723475976807e-18
1.595622981973872e-01 6.938893903907228e-18
-2.926314298475844e-01 -1.040834085586084e-17



===== TEST 97 =====
1                                                

-2.230829313998330e-02 1.561251128379126e-17
-2.649419090005749e-02 -6.938893903907228e-18
5.348746230792748e-01 2.775557561562891e-17
-2.887520166935873e-02 8.673617379884035e-18



===== TEST 98 =====
0                                                



===== TEST 99 =====
1                                                

1.716740450077606e-01 6.938893903907228e-18
4.906932296490972e-01 -2.775557561562891e-17
-7.836177972719873e-01 1.387778780781446e-17
4.339302749674059e-01 2.775557561562891e-17



===== TEST 100 =====
2                                                

3.329996390438354e-02 1.864827736675068e-17
-2.355872191022570e-02 -1.517883041479706e-17
3.759288684918461e-01 5.551115123125783e-17
-5.834502272037105e-01 -7.285838599102590e-17

2.535479007170199e-02 1.214306433183765e-17
-6.574323322686782e-03 -4.336808689942018e-19
-3.883011375681022e-01 4.510281037539698e-17
4.641433469230983e-01 -8.326672684688674e-17



