1.7123685675726445e-16
1.2362203629585991e-16
9.8275706265394042e-17
1.4787254837259012e-16
1.42249577392774e-16
1.5778894541588024e-16
1.9852317660218349e-16
2.2437370653787364e-16
2.7139430385518309e-16
2.8422888137252463e-16
3.8518117079475746e-16
5.4213406242984478e-16
4.1545381602713667e-16
5.3893947526477212e-16
5.0078890751229617e-16
5.7218532861032418e-16
7.1840397544837392e-16
7.0690441801633451e-16
1.4241928453988199e-15
6.7241261545492734e-16
1.0179794542088634e-15
1.1977945215957047e-15
1.5537411527112418e-15
1.21764112489411e-15
1.5272951000651162e-15
1.0363095275989561e-15
7.0943332139571825e-16
1.5068121438020912e-15
1.6829074728005639e-15
