0.039593179999999999
0.029840489999999997
0.030135940000000003
0.031734640000000001
0.029756680000000001
0.029983429999999998
0.028672630000000005
0.02723366
0.028567390000000005
0.030327119999999999
0.031050299999999992
0.031817200000000004
0.032035710000000002
0.034464880000000003
0.036562590000000006
0.04158379999999999
0.042532719999999989
0.050891039999999998
0.056322499999999998
0.061619449999999992
0.079720460000000007
0.091159470000000006
0.10947261999999998
0.13478506999999998
0.15907634999999998
0.18826016000000004
0.22681837000000002
0.2570751
0.26508590000000004
