6.8001160258290838e-16
6.349087922075114e-16
6.106226635438361e-16
1.1657341758564144e-15
7.2164496600635175e-16
1.9984014443252818e-15
1.5543122344752192e-15
3.3306690738754696e-15
2.3314683517128287e-15
4.2188474935755949e-15
6.4392935428259079e-15
6.6613381477509392e-15
5.9952043329758453e-15
4.829470157119431e-15
6.3282712403633923e-15
3.6082248300317588e-15
8.7707618945387367e-15
1.0491607582707729e-14
1.0547118733938987e-14
6.3282712403633923e-15
1.2323475573339238e-14
1.7763568394002505e-14
1.3766765505351941e-14
1.0144662887512368e-14
1.8013368574543165e-14
5.7176485768195562e-15
5.9952043329758453e-15
1.8263168755083825e-14
1.8374191057546341e-14
