3.9042003340656294e-14
2.6455115767314019e-14
2.0048244078140384e-14
3.6376646899657167e-14
2.8165416323769253e-14
2.9664321738185485e-14
3.4543032728779927e-14
2.6476097371469091e-14
3.2024527854911602e-14
3.9792043392153451e-14
4.8532827520139437e-14
6.2887551241861992e-14
3.1574490018062388e-14
3.7725763268534052e-14
3.3052067895811545e-14
5.3785420889370476e-14
6.0345933937663406e-14
6.0793779949404771e-14
8.5451570723929196e-14
4.1689582158205496e-14
6.7186643977784983e-14
9.5823561727656379e-14
7.4579575330139605e-14
1.0715241899068167e-13
1.4356573940612092e-13
6.8396428821531097e-14
7.0943332139571827e-14
1.2355859579177147e-13
1.3799841276964625e-13
