7.934355702248557e-17
1.808396195356512e-16
1.9354888208318324e-16
2.8117402837945887e-16
3.918307148452408e-16
4.685960874517811e-16
5.067646402823433e-16
6.397038478623806e-16
8.776656806864036e-16
1.0215175117737064e-15
1.1607148077168478e-15
1.4887978143667396e-15
1.7255027331792312e-15
1.7496927851643163e-15
1.7832460685566932e-15
2.3305142034763594e-15
2.4546528026364174e-15
3.020365817176479e-15
2.6081801793659957e-15
2.8629028379029122e-15
3.0745864767631065e-15
3.224061004685171e-15
3.3429364751393977e-15
